-0.446406 -0.272087
-0.822975 0.126985
0.252767 0.043604
-1.589965 -0.523653
0.363676 0.373662
0.500588 0.085634
0.043598 -0.654648
1.697636 0.650019
0.905679 0.563942
1.051532 0.026441
-1.342971 -0.751309
0.138143 -0.434653
0.494989 0.286712
1.026596 0.646127
0.604701 0.199221
0.302499 0.806129
0.162244 -0.292835
-0.598962 -0.731114
0.081208 -0.652244
1.218109 0.678655
-0.716978 -0.297901
0.151070 -0.030921
1.488778 0.489886
0.282618 0.515058
-0.073011 -0.659834
-0.249559 -0.260927
0.548505 0.490513
-1.098866 -0.220176
0.830985 0.306169
-0.448716 0.120550
0.475761 0.172240
1.207003 0.180579
-0.954018 0.002494
-0.074370 0.317618
-0.248011 -0.352090
-0.556530 0.265513
-0.187666 0.459352
2.341304 1.461239
-0.039371 -0.125401
0.195005 -0.605209
0.155567 0.204042
-1.313093 -0.839783
0.829393 0.237299
-0.905216 -0.336377
0.424372 0.393654
-0.228054 0.228441
0.704923 0.236615
0.574802 -0.230030
-0.314704 -0.065055
0.028379 -0.068750
6.387224 0.544891
5.434954 -0.066171
5.094158 0.189933
3.205912 -0.835322
4.768925 -0.141858
6.803717 0.892484
4.595144 0.668460
5.137805 0.175516
5.197839 -0.314271
3.821598 -0.323353
4.386553 -0.628240
3.882314 -1.054472
4.139702 0.344294
6.009292 0.304430
4.977721 -0.189145
6.444955 0.746718
5.929553 0.632217
5.643303 0.869636
5.780303 0.276286
4.410924 -0.729714
4.601766 0.263028
6.481842 0.806199
4.645642 0.099237
6.347103 0.206700
4.468375 -0.160812
4.716022 -0.019501
5.605074 0.384651
4.826098 -0.339512
3.182738 -0.741106
6.024691 0.744472
5.803022 0.679787
4.029203 -0.775554
4.037897 -0.335111
3.960592 0.150914
5.336789 -0.098092
5.949811 0.186473
5.024082 0.132656
4.623460 0.104183
4.782242 0.405023
4.863580 0.893515
4.534292 -0.535905
5.936354 0.638757
5.108652 0.306763
4.566363 -0.242567
6.008595 -0.031282
5.297755 0.451660
4.975336 -0.452767
4.783050 0.027755
5.807392 0.458046
5.107036 -0.350583
2.585059 2.990797
1.834978 2.790064
4.424997 3.380927
2.444194 2.903748
1.971984 3.848138
2.303864 3.053415
2.012946 2.736775
3.188414 3.362543
3.758466 3.295505
3.443733 3.250813
1.092729 1.386187
2.584303 2.221971
3.288710 3.529357
3.092116 2.665018
3.574905 3.527726
3.654533 3.403796
3.049400 2.794325
0.899152 2.173700
4.873384 4.002613
3.500258 3.551510
3.759677 3.339273
2.403844 3.008013
4.173283 3.468378
3.537933 3.037980
1.286584 2.286475
4.053009 3.851018
0.863228 2.296646
4.493776 3.575686
1.911612 2.205607
2.474111 3.010930
3.877956 3.417933
6.185449 4.230549
3.413393 2.765539
1.670915 1.829826
3.394309 3.243378
1.851027 1.917860
1.907409 2.457322
3.855385 3.591071
2.898149 2.736866
2.989011 2.858277
2.799872 3.134034
1.687238 1.905985
1.275104 1.447385
3.059186 3.237595
2.824469 2.692077
3.264957 2.958176
3.432721 3.516740
2.763082 2.636560
2.112642 2.664968
2.148425 2.796820
