2.17765 1.55146 1.00000
0.97907 1.22573 1.00000
0.81899 0.18862 1.00000
5.18141 1.95868 -1.00000
3.30636 2.21670 1.00000
3.26145 -0.25964 -1.00000
6.15759 1.23707 -1.00000
4.68390 -0.11281 -1.00000
5.64680 0.96118 -1.00000
1.48089 0.82187 1.00000
0.16439 -0.29620 1.00000
5.77690 1.10711 -1.00000
0.01817 0.76289 1.00000
4.38591 0.74933 -1.00000
2.66012 -0.74199 -1.00000
5.91525 0.16071 -1.00000
3.69940 -0.06748 -1.00000
1.94085 2.23641 1.00000
1.66568 1.61605 1.00000
3.36458 2.33972 1.00000
1.62445 1.47517 1.00000
1.39777 1.28877 1.00000
6.98419 2.61728 -1.00000
3.62820 2.70698 1.00000
3.82580 0.84114 -1.00000
5.91046 2.23340 -1.00000
2.44145 3.14421 1.00000
3.15527 2.23806 1.00000
0.43566 0.62295 1.00000
2.05515 2.21396 1.00000
4.06551 2.76367 1.00000
4.44047 -0.39750 -1.00000
3.83927 -0.49639 -1.00000
5.28351 3.66444 1.00000
2.01862 1.08904 1.00000
7.22985 2.76362 -1.00000
4.39894 1.36138 -1.00000
7.93614 1.55052 -1.00000
6.85157 1.81980 -1.00000
4.04246 0.26292 -1.00000
3.22853 3.50014 1.00000
4.18692 2.40820 1.00000
5.91117 1.21810 -1.00000
2.70133 -0.12822 -1.00000
5.64442 1.51241 -1.00000
1.30725 1.32907 1.00000
0.58723 1.18334 1.00000
1.90878 1.62009 1.00000
5.29722 1.48009 -1.00000
6.77974 1.55793 -1.00000
5.44688 0.81655 -1.00000
6.94505 1.27837 -1.00000
5.68846 2.08907 -1.00000
6.68714 1.80875 -1.00000
4.66055 3.92542 1.00000
7.02121 1.09916 -1.00000
5.27706 1.23469 -1.00000
2.91720 2.47989 1.00000
2.16352 0.80062 1.00000
4.37192 0.00960 -1.00000
4.49427 0.30616 -1.00000
2.24910 0.11564 1.00000
1.87619 1.49814 1.00000
1.68362 2.09917 1.00000
2.31417 0.85785 1.00000
6.04773 0.46524 -1.00000
-0.64840 -0.15991 1.00000
4.17743 -0.52081 -1.00000
2.48681 1.74390 1.00000
5.61676 0.52674 -1.00000
2.89144 2.78384 1.00000
0.94487 0.75985 1.00000
3.61289 -0.66312 -1.00000
1.66932 1.16301 1.00000
2.93179 2.25371 1.00000
0.21072 1.19798 1.00000
3.25718 0.64302 -1.00000
6.02953 1.48968 -1.00000
0.32445 -0.00582 1.00000
3.98021 0.27045 -1.00000
4.30161 1.55512 -1.00000
0.24543 1.01085 1.00000
5.29495 0.58801 -1.00000
5.12936 0.29514 -1.00000
3.97964 3.65811 1.00000
6.79030 1.43993 -1.00000
4.09548 3.79299 1.00000
1.45497 1.32680 1.00000
4.79886 1.47180 -1.00000
3.72270 2.44396 1.00000
2.90972 2.30637 1.00000
6.68162 1.54116 -1.00000
-0.23911 -0.58390 1.00000
0.46696 0.40140 1.00000
4.44750 3.27253 1.00000
3.08849 2.73440 1.00000
5.45328 0.69602 -1.00000
6.29963 1.99776 -1.00000
3.06156 2.72118 1.00000
4.24592 -0.32389 -1.00000
6.51899 1.27068 -1.00000
3.94680 0.75089 -1.00000
2.71008 2.37709 1.00000
0.55533 0.72757 1.00000
1.31217 0.83102 1.00000
-0.43382 -0.18079 1.00000
4.08012 0.94685 -1.00000
5.71638 2.10935 -1.00000
4.48442 -0.79721 -1.00000
1.92536 1.74488 1.00000
4.27294 -0.49596 -1.00000
1.92847 1.72935 1.00000
1.44334 1.65755 1.00000
5.64843 2.40487 -1.00000
4.94287 -0.06303 -1.00000
5.19067 0.98302 -1.00000
-0.46008 1.12898 1.00000
4.71153 0.80885 -1.00000
6.40245 0.61961 -1.00000
2.32679 2.41628 1.00000
7.44297 1.30269 -1.00000
6.21960 1.12480 -1.00000
0.53949 0.60887 1.00000
4.25133 -1.68661 -1.00000
-0.44178 1.00968 1.00000
7.07136 2.14367 -1.00000
0.78649 -0.07550 1.00000
4.01508 0.78971 -1.00000
3.37687 0.26489 -1.00000
7.21200 0.96948 -1.00000
2.18242 1.03977 1.00000
4.49809 3.63174 1.00000
1.40323 -1.14550 -1.00000
4.56412 1.13229 -1.00000
2.69469 2.40015 1.00000
5.61898 0.64274 -1.00000
1.67216 1.71729 1.00000
4.39091 4.19668 1.00000
1.62051 0.71112 1.00000
6.46490 1.36900 -1.00000
-0.91021 -0.78766 1.00000
7.45313 1.30403 -1.00000
2.94079 1.52769 1.00000
3.15072 -0.54287 -1.00000
3.72091 0.42889 -1.00000
1.88655 1.03374 1.00000
4.01244 3.32996 1.00000
2.89445 1.85752 1.00000
1.31908 0.39425 1.00000
0.71052 1.09204 1.00000
0.60667 1.28609 1.00000
-0.57487 -0.38867 1.00000
1.53002 1.14024 1.00000
4.56112 0.75577 -1.00000
2.31534 2.18482 1.00000
2.85725 2.11924 1.00000
2.66201 2.68124 1.00000
1.05908 0.81336 1.00000
5.62804 1.88964 -1.00000
3.12115 2.44400 1.00000
8.04816 2.61780 -1.00000
6.29741 1.06991 -1.00000
4.05046 0.23585 -1.00000
1.74896 -1.18377 -1.00000
3.56242 0.64552 -1.00000
1.21687 1.77142 1.00000
4.52177 0.68048 -1.00000
2.00792 1.69999 1.00000
5.44766 1.32947 -1.00000
6.22624 1.90612 -1.00000
6.58434 1.81756 -1.00000
0.53662 0.30247 1.00000
1.66472 1.51840 1.00000
0.86870 -0.00298 1.00000
6.76562 1.43982 -1.00000
2.71782 2.62864 1.00000
2.16993 -0.98959 -1.00000
4.32131 2.96679 1.00000
6.07139 1.36133 -1.00000
4.18647 1.53696 -1.00000
4.90769 0.06312 -1.00000
3.37275 -0.01539 -1.00000
4.87199 5.14875 1.00000
3.05556 0.70928 -1.00000
2.07303 1.91640 1.00000
6.34514 0.94495 -1.00000
2.33130 3.03498 1.00000
2.84953 2.88428 1.00000
2.60502 1.71496 1.00000
2.75082 2.17976 1.00000
5.40948 0.33094 -1.00000
4.19556 0.94458 -1.00000
0.86859 0.62607 1.00000
6.00854 2.66065 -1.00000
1.73658 1.11486 1.00000
6.09365 0.77327 -1.00000
2.81744 -0.29773 -1.00000
5.27312 0.32493 -1.00000
3.27252 3.85735 1.00000
2.62145 -0.13680 -1.00000
1.30769 0.50581 1.00000
0.99106 1.21357 1.00000
5.15868 0.83228 -1.00000
-0.12911 -0.09795 1.00000
3.21404 2.74399 1.00000
3.45130 2.58422 1.00000
3.87826 3.01198 1.00000
2.89692 2.56367 1.00000
5.28325 4.54410 1.00000
5.56965 0.37558 -1.00000
2.09424 1.53567 1.00000
2.72660 1.69971 1.00000
1.40251 0.01966 1.00000
3.35655 -0.70731 -1.00000
4.68194 0.73579 -1.00000
4.75634 1.49983 -1.00000
3.20366 2.59208 1.00000
2.55740 2.37284 1.00000
5.85014 2.10491 -1.00000
3.81726 0.12595 -1.00000
2.38268 1.11528 1.00000
5.45011 0.86724 -1.00000
5.82943 0.48063 -1.00000
8.61246 1.97374 -1.00000
5.47800 4.59908 1.00000
1.97645 2.54720 1.00000
2.64299 2.58223 1.00000
4.56950 -0.50002 -1.00000
2.14664 1.43099 1.00000
3.54313 2.57352 1.00000
1.37989 1.64805 1.00000
5.20580 1.04853 -1.00000
4.81055 0.38144 -1.00000
3.57048 3.15313 1.00000
3.52325 2.28242 1.00000
3.56256 2.26268 1.00000
0.79061 0.27035 1.00000
1.69603 1.68525 1.00000
2.65468 2.30848 1.00000
0.97379 0.83234 1.00000
1.70921 0.96834 1.00000
5.63615 2.50204 -1.00000
1.34359 1.55207 1.00000
3.82941 1.12306 -1.00000
3.13297 2.45127 1.00000
2.74122 1.77038 1.00000
1.42645 2.20384 1.00000
6.91626 1.33345 -1.00000
7.63011 2.73957 -1.00000
3.49223 0.36779 -1.00000
4.16097 2.87973 1.00000
4.37962 1.52775 -1.00000
6.62735 0.78240 -1.00000
4.29954 0.64709 -1.00000
4.01710 1.50512 -1.00000
1.83376 1.26998 1.00000
1.76036 1.65102 1.00000
4.86098 0.43226 -1.00000
6.52139 0.73276 -1.00000
0.77377 1.18541 1.00000
7.61102 2.35305 -1.00000
2.64379 1.40094 1.00000
0.32866 0.67038 1.00000
3.94973 -0.03853 -1.00000
2.86161 1.78116 1.00000
1.88908 0.93820 1.00000
2.68632 -0.60886 -1.00000
4.85128 1.03780 -1.00000
0.05637 -0.01510 1.00000
7.17042 1.05711 -1.00000
4.11124 3.00095 1.00000
-0.53935 -0.86156 1.00000
4.84758 1.09767 -1.00000
6.64773 2.29661 -1.00000
4.71130 0.78884 -1.00000
4.59060 1.19572 -1.00000
1.91409 2.24309 1.00000
2.19590 2.48504 1.00000
4.47330 -0.36649 -1.00000
0.13120 0.11773 1.00000
5.79408 1.32731 -1.00000
4.90429 1.23571 -1.00000
1.48738 0.64881 1.00000
4.42307 0.22371 -1.00000
5.63703 -0.10651 -1.00000
6.02798 0.82483 -1.00000
4.22213 2.85337 1.00000
4.66383 0.57936 -1.00000
6.28352 1.25577 -1.00000
3.21010 3.90867 1.00000
2.93903 2.90688 1.00000
4.73481 3.66541 1.00000
1.46432 0.79049 1.00000
1.21020 0.60004 1.00000
5.18285 -0.46694 -1.00000
7.07944 1.23732 -1.00000
5.54336 0.96944 -1.00000
4.51137 3.03809 1.00000
2.69790 0.72990 -1.00000
1.72421 0.88575 1.00000
5.47096 1.60027 -1.00000
5.41754 0.84390 -1.00000
6.27456 0.66177 -1.00000
4.54841 0.23524 -1.00000
5.00366 0.86095 -1.00000
5.32866 0.94629 -1.00000
2.75061 2.06563 1.00000
4.09167 3.46093 1.00000
3.59854 -0.36526 -1.00000
2.33577 1.04351 1.00000
4.74243 1.66708 -1.00000
4.38829 0.17560 -1.00000
3.58829 1.78072 1.00000
4.05427 2.32129 1.00000
1.25107 0.60657 1.00000
2.81739 -0.25458 -1.00000
3.56772 3.62295 1.00000
3.00323 2.31748 1.00000
3.77352 -0.21461 -1.00000
6.10957 1.42178 -1.00000
0.92177 1.71233 1.00000
6.44567 1.30732 -1.00000
2.05438 1.35336 1.00000
2.68961 2.15167 1.00000
2.73751 2.32324 1.00000
8.36846 1.62315 -1.00000
4.67216 0.71699 -1.00000
2.83882 3.17275 1.00000
4.75745 0.23511 -1.00000
7.07106 1.86758 -1.00000
3.06324 2.74555 1.00000
5.27696 1.11026 -1.00000
-0.86795 -0.74914 1.00000
6.04228 0.10917 -1.00000
3.64290 0.47883 -1.00000
3.84902 2.93975 1.00000
2.57243 1.94264 1.00000
5.53382 0.79964 -1.00000
0.99660 1.73350 1.00000
0.31148 0.79779 1.00000
4.36473 -0.43218 -1.00000
6.51286 0.38464 -1.00000
1.03348 0.81458 1.00000
6.29160 1.03394 -1.00000
6.73543 1.88117 -1.00000
2.01923 1.97376 1.00000
3.18739 3.29295 1.00000
0.54491 -0.56456 1.00000
-2.10141 -1.32049 1.00000
3.94288 1.50177 -1.00000
3.71200 1.09803 -1.00000
0.60927 0.55483 1.00000
1.48289 0.96911 1.00000
3.65295 -0.16706 -1.00000
0.22498 -0.10820 1.00000
3.54394 -0.29745 -1.00000
2.92149 0.66743 1.00000
1.71873 1.16810 1.00000
0.30979 0.08280 1.00000
5.55288 0.19911 -1.00000
1.95807 1.87643 1.00000
1.98886 1.84275 1.00000
3.47883 -1.07780 -1.00000
5.13816 -0.02075 -1.00000
2.61644 1.88781 1.00000
2.64041 2.84951 1.00000
2.71977 0.25699 -1.00000
3.73471 0.46094 -1.00000
3.68641 2.88050 1.00000
7.63326 1.59389 -1.00000
-0.63109 -0.09306 1.00000
5.12969 0.04086 -1.00000
3.06195 2.28845 1.00000
3.17678 2.93180 1.00000
7.30969 2.10715 -1.00000
3.76148 0.66702 -1.00000
0.81419 0.16363 1.00000
-0.09581 0.53437 1.00000
0.70946 0.74180 1.00000
3.09026 3.02924 1.00000
2.24014 1.40220 1.00000
5.54841 1.10079 -1.00000
3.37346 2.35440 1.00000
2.03167 1.14023 1.00000
2.37559 1.18156 1.00000
0.02149 0.73586 1.00000
3.43801 0.57690 -1.00000
2.30700 1.70647 1.00000
6.66808 1.37361 -1.00000
0.92772 1.15970 1.00000
5.32560 0.24919 -1.00000
4.59656 -0.80112 -1.00000
3.78993 1.62306 -1.00000
1.87401 2.03640 1.00000
6.01763 2.41817 -1.00000
3.10246 3.21920 1.00000
1.74796 0.27121 1.00000
4.35957 0.14151 -1.00000
3.88846 3.31392 1.00000
1.84035 1.18328 1.00000
2.69219 0.37970 -1.00000
2.30822 3.41364 1.00000
4.85257 1.14768 -1.00000
1.04755 0.94598 1.00000
4.23081 0.99528 -1.00000
4.63758 1.45482 -1.00000
7.36067 2.44197 -1.00000
-0.73023 -0.54853 1.00000
2.24950 1.48430 1.00000
5.05610 3.30283 1.00000
4.92993 -0.44792 -1.00000
3.24518 3.22923 1.00000
8.07024 2.09139 -1.00000
6.76755 1.89692 -1.00000
3.14934 -0.44001 -1.00000
6.62422 0.51998 -1.00000
2.17558 2.02327 1.00000
4.75458 1.01112 -1.00000
5.66290 1.84295 -1.00000
2.08479 2.72531 1.00000
2.78431 0.28144 -1.00000
1.07618 -0.34219 1.00000
5.85077 1.31476 -1.00000
5.56129 0.46916 -1.00000
1.64124 1.93135 1.00000
1.07590 0.64137 1.00000
2.71673 2.51254 1.00000
1.51020 1.21068 1.00000
3.41720 0.14918 -1.00000
1.51330 1.37293 1.00000
-0.24535 0.46858 1.00000
4.08724 0.94242 -1.00000
3.14043 3.21338 1.00000
2.89758 2.97377 1.00000
2.63365 0.48432 -1.00000
1.53388 1.43913 1.00000
4.41141 1.18165 -1.00000
0.38698 0.29160 1.00000
6.56145 1.39219 -1.00000
-0.85808 0.05836 1.00000
4.52528 1.60948 -1.00000
3.88790 3.33801 1.00000
5.30562 1.47424 -1.00000
0.81456 0.49297 1.00000
4.62702 3.24942 1.00000
1.64547 0.78183 1.00000
1.33681 1.24583 1.00000
3.90276 0.64083 -1.00000
1.76724 1.70281 1.00000
4.73745 0.56429 -1.00000
5.08420 1.09811 -1.00000
6.67657 0.75002 -1.00000
7.27638 2.93647 -1.00000
1.97856 1.79580 1.00000
2.26534 1.52994 1.00000
3.08430 2.00445 1.00000
7.15163 2.59356 -1.00000
1.71704 1.82151 1.00000
3.75880 2.63279 1.00000
1.80993 0.72937 1.00000
3.74228 2.64323 1.00000
4.77469 0.78336 -1.00000
2.60920 -0.02574 -1.00000
1.22594 0.52607 1.00000
3.80272 3.32885 1.00000
5.64094 0.90533 -1.00000
3.29882 2.38061 1.00000
4.14138 0.63900 -1.00000
0.55470 0.37684 1.00000
2.78297 -0.75163 -1.00000
6.36344 1.64591 -1.00000
3.33694 2.39915 1.00000
3.83614 0.67632 -1.00000
5.54189 1.14278 -1.00000
1.34682 1.05769 1.00000
1.00678 0.78381 1.00000
6.34774 0.87383 -1.00000
6.05417 1.33295 -1.00000
3.37868 3.37903 1.00000
1.22268 1.68226 1.00000
2.29520 -0.91891 -1.00000
1.11965 2.08044 1.00000
1.75114 1.47778 1.00000
3.16558 2.43059 1.00000
4.14194 -0.02812 -1.00000
4.88351 1.65962 -1.00000
0.84044 -1.08916 1.00000
6.10823 1.75122 -1.00000
0.87249 1.04736 1.00000
2.24568 1.86147 1.00000
2.60136 0.62030 -1.00000
3.73280 0.54970 -1.00000
4.19940 3.55448 1.00000
6.37462 0.96747 -1.00000
4.03655 0.81880 -1.00000
5.48895 0.74846 -1.00000
4.09891 2.80153 1.00000
-1.45195 0.19860 1.00000
2.87795 -0.00473 -1.00000
5.43600 1.76972 -1.00000
5.88404 1.06699 -1.00000
4.88710 -0.15113 -1.00000
5.21743 1.48995 -1.00000
4.13490 -0.60781 -1.00000
6.11519 0.86942 -1.00000
1.63563 -0.64182 -1.00000
-0.86273 -0.66236 1.00000
1.04129 1.83303 1.00000
6.15052 0.28941 -1.00000
6.65858 1.82388 -1.00000
2.83154 0.37296 -1.00000
3.56797 0.86711 -1.00000
0.28827 1.38256 1.00000
-0.46880 -0.14524 1.00000
5.43770 0.62435 -1.00000
1.33488 0.47811 1.00000
1.21526 1.99510 1.00000
2.28085 -0.36704 -1.00000
3.09784 2.90576 1.00000
5.56563 0.68707 -1.00000
4.63895 0.44817 -1.00000
3.46311 1.12623 1.00000
6.26388 1.17416 -1.00000
4.26784 0.60991 -1.00000
5.67069 1.51768 -1.00000
-0.38656 0.61436 1.00000
2.28073 2.32665 1.00000
0.17395 -0.11132 1.00000
4.50603 -0.33252 -1.00000
3.87886 3.47426 1.00000
1.65358 0.79250 1.00000
3.00067 2.18367 1.00000
2.19727 2.09224 1.00000
3.21823 1.78019 1.00000
5.20996 1.18446 -1.00000
4.28673 0.10537 -1.00000
0.81572 0.22844 1.00000
2.29748 1.45281 1.00000
0.72271 0.83762 1.00000
0.52307 0.32720 1.00000
4.00932 2.69544 1.00000
2.38078 2.67073 1.00000
0.79749 2.30781 1.00000
4.81992 1.62076 -1.00000
2.14248 2.05236 1.00000
5.11081 1.65553 -1.00000
4.16323 3.19233 1.00000
1.81321 -0.68018 -1.00000
2.85261 1.93297 1.00000
-0.02020 0.55237 1.00000
4.28193 1.86650 -1.00000
3.12049 2.14214 1.00000
0.27923 0.47103 1.00000
2.73942 -0.01208 -1.00000
5.20594 0.94907 -1.00000
0.03539 -0.23615 1.00000
0.07454 -0.37820 1.00000
5.26955 1.93322 -1.00000
5.19301 1.35043 -1.00000
4.90344 0.57988 -1.00000
6.55554 1.56620 -1.00000
2.80255 2.45047 1.00000
4.21570 -0.53601 -1.00000
3.51352 0.13544 -1.00000
4.21496 1.01288 -1.00000
5.63996 2.46298 -1.00000
3.55874 3.43270 1.00000
5.55586 0.51995 -1.00000
0.38708 0.86075 1.00000
7.24164 1.78476 -1.00000
3.45987 1.99575 1.00000
0.40705 0.60176 1.00000
4.71163 0.34823 -1.00000
4.36760 3.90087 1.00000
3.58290 1.19875 -1.00000
1.33650 0.38541 1.00000
0.41338 0.28396 1.00000
2.01920 0.34254 1.00000
3.06397 3.06213 1.00000
2.48632 1.36929 1.00000
6.25851 0.98716 -1.00000
1.17067 0.96486 1.00000
2.34668 -1.05402 -1.00000
2.70971 -0.41877 -1.00000
4.10368 -0.61085 -1.00000
4.85981 0.51287 -1.00000
4.03811 -0.33386 -1.00000
5.68956 1.82563 -1.00000
3.46668 0.32583 -1.00000
5.05952 -1.08095 -1.00000
2.36692 1.02193 -1.00000
6.07448 1.75648 -1.00000
1.94973 1.62106 1.00000
5.95896 1.55667 -1.00000
3.57933 4.06490 1.00000
2.20852 2.22910 1.00000
3.15882 -0.77511 -1.00000
4.09904 2.65189 1.00000
5.63685 1.13873 -1.00000
1.03321 0.73487 1.00000
3.83076 2.63483 1.00000
6.93684 1.85967 -1.00000
2.26184 2.08416 1.00000
2.97981 0.02336 -1.00000
2.49423 2.90107 1.00000
-0.34524 0.01934 1.00000
6.71120 1.26396 -1.00000
4.14272 -0.51153 -1.00000
4.60750 0.52081 -1.00000
0.07191 0.22373 1.00000
2.09162 -0.98675 -1.00000
3.05772 0.02992 -1.00000
2.02086 2.09229 1.00000
1.78512 1.20533 1.00000
3.92454 -0.12362 -1.00000
6.33753 1.93840 -1.00000
2.93404 2.21216 1.00000
6.65313 0.02205 -1.00000
3.40294 2.66195 1.00000
3.47604 0.13010 -1.00000
4.88780 0.42177 -1.00000
1.94687 1.19628 1.00000
7.36846 2.83426 -1.00000
3.78981 1.45035 -1.00000
3.79694 2.52596 1.00000
4.17224 0.36647 -1.00000
-0.17254 -0.87181 1.00000
0.35146 0.23478 1.00000
4.80384 0.32347 -1.00000
2.90735 2.75973 1.00000
4.85868 0.70172 -1.00000
1.04947 1.12773 1.00000
6.31921 0.94704 -1.00000
5.25818 1.24804 -1.00000
2.07663 1.41084 1.00000
3.58533 3.35149 1.00000
5.44005 1.20600 -1.00000
5.53130 0.48218 -1.00000
3.80760 2.69591 1.00000
2.25930 2.07394 1.00000
1.52054 2.02571 1.00000
3.01120 2.28992 1.00000
4.54209 3.90563 1.00000
0.91079 -0.34354 1.00000
0.09730 0.62889 1.00000
3.85031 3.15091 1.00000
5.08058 0.89689 -1.00000
4.95202 0.94495 -1.00000
8.83911 3.03763 -1.00000
7.16292 2.53733 -1.00000
2.45452 1.47818 1.00000
2.54627 2.60057 1.00000
0.92238 0.59455 1.00000
1.66679 1.86139 1.00000
0.40831 -0.16906 1.00000
4.33484 -0.54093 -1.00000
5.69833 1.07624 -1.00000
6.46907 1.86691 -1.00000
6.50852 1.40844 -1.00000
0.20070 0.22349 1.00000
4.38894 0.87513 -1.00000
0.37883 0.51610 1.00000
5.61378 0.10492 -1.00000
4.38438 4.56138 1.00000
3.21426 -0.06380 -1.00000
0.46747 -0.22089 1.00000
2.77912 1.53834 1.00000
4.34089 -0.29758 -1.00000
3.82376 2.59562 1.00000
4.47049 2.86452 1.00000
7.18078 2.07859 -1.00000
6.86936 1.38001 -1.00000
5.17764 2.26685 -1.00000
3.67989 2.82004 1.00000
1.02523 0.81054 1.00000
5.16455 3.18961 1.00000
3.09862 3.01741 1.00000
4.05066 0.22585 -1.00000
5.38853 0.08792 -1.00000
-0.97731 -0.16000 1.00000
5.31647 0.88463 -1.00000
0.86303 0.69147 1.00000
6.81930 1.99282 -1.00000
2.18895 1.77179 1.00000
6.40793 2.64014 -1.00000
2.44611 0.60722 -1.00000
5.76345 0.79679 -1.00000
6.29941 0.99238 -1.00000
1.99526 -0.94588 -1.00000
2.61661 0.91052 1.00000
-0.12296 0.56283 1.00000
4.04348 0.06620 -1.00000
0.47337 1.30315 1.00000
1.66403 1.44412 1.00000
3.84106 1.02344 -1.00000
5.53110 0.52940 -1.00000
3.87497 2.94216 1.00000
4.51291 1.12256 -1.00000
2.18762 1.71974 1.00000
2.97788 3.06387 1.00000
2.29740 1.52137 1.00000
3.68537 0.50508 -1.00000
4.84862 2.11685 -1.00000
5.78350 0.57844 -1.00000
4.18023 3.36751 1.00000
4.51377 0.48689 -1.00000
7.23308 0.15383 -1.00000
4.75293 3.86003 1.00000
5.73014 0.02746 -1.00000
6.80476 2.03145 -1.00000
5.09619 1.65875 -1.00000
8.26306 2.37609 -1.00000
0.17280 0.82952 1.00000
3.77979 0.35181 -1.00000
2.16298 2.26744 1.00000
3.70692 -0.08167 -1.00000
5.50670 1.20318 -1.00000
2.69311 -0.72634 -1.00000
2.34323 0.89704 1.00000
6.91111 1.47083 -1.00000
3.45375 0.47317 -1.00000
-0.04723 -0.69749 1.00000
1.27068 0.75169 1.00000
7.53004 1.30608 -1.00000
0.76478 0.57401 1.00000
1.86366 1.47863 1.00000
2.99368 -0.42461 -1.00000
3.92375 0.36517 -1.00000
1.95857 1.41835 1.00000
6.02051 1.28969 -1.00000
0.57052 1.47187 1.00000
3.15816 0.77387 -1.00000
0.50184 0.38379 1.00000
5.90375 1.06046 -1.00000
2.25899 2.24192 1.00000
4.62930 -0.26017 -1.00000
1.14415 1.07186 1.00000
5.04286 2.10149 -1.00000
3.74749 -0.74038 -1.00000
3.81659 4.02428 1.00000
-0.16441 -0.67415 1.00000
6.30044 0.85864 -1.00000
2.84034 2.88140 1.00000
0.89978 0.33634 1.00000
3.58111 0.56260 -1.00000
7.44503 1.48559 -1.00000
5.61187 1.30884 -1.00000
4.24579 1.51986 -1.00000
3.90185 0.49865 -1.00000
0.24555 0.49780 1.00000
5.09002 0.50804 -1.00000
3.03759 0.04974 -1.00000
2.19064 1.91638 1.00000
3.23204 -1.16359 -1.00000
1.21824 1.88700 1.00000
2.30814 1.92214 1.00000
1.39875 -0.49232 1.00000
0.82028 0.88768 1.00000
3.14685 2.24217 1.00000
3.24672 0.24656 -1.00000
4.19689 1.42316 -1.00000
5.74589 1.19502 -1.00000
0.27783 0.54277 1.00000
5.42809 1.42259 -1.00000
2.79885 -0.96682 -1.00000
6.58934 1.68898 -1.00000
3.73133 2.70678 1.00000
4.71476 -0.70703 -1.00000
2.36068 2.22522 1.00000
3.70259 3.05104 1.00000
7.51547 3.32306 -1.00000
2.51665 2.44759 1.00000
5.96967 1.49936 -1.00000
1.69305 1.94975 1.00000
1.51103 0.44869 1.00000
6.78203 0.58330 -1.00000
2.29238 2.28635 1.00000
7.78306 1.57487 -1.00000
0.19761 0.71502 1.00000
3.72566 0.85223 -1.00000
5.38488 1.09324 -1.00000
6.65269 1.68767 -1.00000
3.87288 0.94170 -1.00000
-0.27149 0.03703 1.00000
2.11608 1.84354 1.00000
5.94714 1.63100 -1.00000
6.17692 1.69296 -1.00000
3.74303 0.56513 -1.00000
6.36100 2.35885 -1.00000
3.22067 3.21008 1.00000
6.32390 2.22455 -1.00000
1.02687 1.33138 1.00000
6.94348 0.76500 -1.00000
5.47147 1.14179 -1.00000
5.02071 -0.54541 -1.00000
2.83317 -1.45367 -1.00000
1.76095 0.44798 1.00000
6.21465 1.58689 -1.00000
6.29736 0.97687 -1.00000
2.49477 1.89003 1.00000
