0.917199 -0.110870
2.606426 0.923219
0.624429 0.635974
-1.609552 -0.899833
1.564059 0.656821
0.693178 0.882658
-0.570915 -0.528366
-0.466678 -0.715658
0.746148 0.369690
-1.020289 -0.464136
-0.187630 -0.161840
-0.307239 -0.552721
0.951052 0.652825
0.822884 0.544090
-0.422314 -0.150869
0.527943 0.182487
-0.150455 -0.273516
0.396451 0.195398
-0.936230 -0.508393
1.230489 -0.067592
0.901197 -0.094584
-0.031903 0.245425
1.056553 0.266354
0.743677 0.699786
0.617181 0.524348
-1.189712 -0.713200
-1.717537 -0.865613
0.842381 0.359703
1.812098 0.951998
0.257254 -0.063332
-0.447800 -0.878171
-0.711964 0.126096
1.141777 0.626684
0.028342 0.002770
0.757764 0.666180
-0.820797 0.005204
0.460291 0.590673
-0.482073 0.350116
0.063591 -0.600501
-0.219423 -0.204380
0.523902 -0.256515
0.403306 -0.312096
0.468843 0.055568
-0.842450 0.193471
2.020300 0.734892
0.028355 0.061726
-0.630273 -0.700747
0.026663 0.349303
0.990685 0.360284
-1.304185 -1.221719
6.035716 0.805994
6.447735 0.719236
6.573863 0.327097
4.798046 0.026906
4.784662 0.416567
5.087562 -0.149645
4.891639 -0.265155
5.139870 -0.417249
6.456949 0.256739
5.107291 -0.786091
5.452601 -0.042573
6.145745 0.681019
5.110714 -0.475205
4.443565 -0.498874
3.269260 -0.924508
6.427046 0.100442
3.837102 -0.530578
4.379774 -0.331780
6.557496 0.597207
5.635205 0.625215
5.016016 0.293914
6.238087 0.669976
4.203700 -0.492766
4.089182 -0.318445
5.307061 0.348636
4.743738 0.470660
4.824301 0.188640
4.980975 -0.460922
4.969906 0.092322
4.281982 0.266159
6.725478 1.309824
5.699663 0.071255
6.216216 -0.216042
4.463287 -0.651350
4.147635 0.039881
5.136781 0.077486
6.366316 0.255418
5.282206 -0.200224
4.480586 -0.395764
6.482754 1.104330
5.660402 0.171010
4.971996 -0.486061
5.868290 0.220445
5.650342 -0.073520
5.405954 -0.073049
5.281515 -0.184197
5.260292 0.423419
5.014914 0.198231
6.050032 0.455784
4.569320 -0.158270
3.243073 3.053888
2.060220 2.032582
2.945732 2.236398
2.834769 2.924785
3.253536 3.557273
3.640888 3.143811
1.409866 2.342413
3.252476 2.852578
4.049867 3.627367
-0.076141 1.242673
4.031322 2.716271
3.564529 3.201334
3.038410 2.718025
3.391623 3.398999
3.085155 3.157375
2.673939 2.714507
4.067826 3.360796
3.188454 2.479605
3.344886 3.424132
2.061332 2.333451
2.868971 2.259916
2.934287 2.812524
1.553953 2.773792
3.092521 2.312799
4.862361 3.490543
3.368778 3.115456
3.721098 3.145867
4.374648 2.887400
2.570119 3.407262
3.294563 2.761612
3.179636 2.807408
1.484987 2.730261
1.733116 1.979000
4.192680 3.385733
3.467495 3.257301
2.505885 3.198612
2.268229 3.127676
4.122482 2.970572
1.966154 2.404866
4.184977 4.054954
2.607515 1.673678
3.063387 2.534213
4.395768 3.573713
3.464842 3.644177
2.888351 3.137842
3.675446 3.449484
3.433148 3.207073
3.046357 3.162069
1.258620 2.632794
4.004137 3.517069
