0.735835169732 1.206050970027 1.000000000000
0.720481048793 1.255660530857 1.000000000000
1.125043622688 1.590727302917 1.000000000000
-0.865752497794 0.668466148284 1.000000000000
0.001848459930 0.596659961617 1.000000000000
0.104022979750 0.422706110954 1.000000000000
-0.447726974513 0.160831232289 1.000000000000
0.789154148549 1.197448413850 1.000000000000
0.114829518730 0.360691553376 1.000000000000
1.265832202655 1.609466017259 1.000000000000
0.445116506344 1.088238788408 1.000000000000
1.499019682346 1.653641671960 1.000000000000
0.420454908395 1.516160954137 1.000000000000
0.754543018062 0.782090845493 1.000000000000
-0.405094923793 0.316916951105 1.000000000000
1.351590313782 1.757203569222 1.000000000000
-1.400280032080 0.378633495177 1.000000000000
0.745622378388 1.390644065554 1.000000000000
0.574745929883 0.983520099047 1.000000000000
1.432783034746 0.821793795848 1.000000000000
2.775395544466 2.289595779229 1.000000000000
0.197072961647 0.289535129894 1.000000000000
0.869638902722 0.254556691215 1.000000000000
0.694990554011 0.937901129349 1.000000000000
-0.619288946465 0.565934965025 1.000000000000
0.083736988404 0.961375511186 1.000000000000
1.075515342804 1.050082181118 1.000000000000
-0.568813008172 0.351066882416 1.000000000000
-0.263971684370 0.532589973374 1.000000000000
-1.074717090585 -0.063916025317 1.000000000000
2.468412068678 2.270152171734 1.000000000000
4.257205720398 2.957407437718 1.000000000000
4.706193691079 2.856485743486 1.000000000000
3.251104531241 2.696464759151 1.000000000000
2.286877448641 2.740482747719 1.000000000000
2.936712929581 1.906336808274 1.000000000000
3.387191744403 2.956157705070 1.000000000000
2.582502078109 2.362584513088 1.000000000000
3.049734945497 2.013477136315 1.000000000000
3.605077257007 2.448499413687 1.000000000000
2.184334108011 3.137277118422 1.000000000000
2.581297124904 1.755615331851 1.000000000000
4.359954842243 2.801754568316 1.000000000000
1.838774089170 2.336165207360 1.000000000000
3.858973501342 2.803997570902 1.000000000000
2.136678670432 1.475916316324 1.000000000000
3.516671962900 2.722920592026 1.000000000000
1.991435522964 2.214725883791 1.000000000000
4.375915016843 2.866515713382 1.000000000000
2.890393642206 2.781703734863 1.000000000000
3.471182253478 2.889881338232 1.000000000000
3.217053435211 2.350417065045 1.000000000000
3.338083327309 2.725667438680 1.000000000000
2.638415814208 2.440232058282 1.000000000000
1.568849303888 1.638325739271 1.000000000000
3.167484363032 2.387396123882 1.000000000000
3.635447458565 2.637526116235 1.000000000000
3.899602813020 2.868831830116 1.000000000000
0.550791061973 1.236837847565 1.000000000000
1.480941311546 1.473895752187 1.000000000000
3.191884979629 1.970076241007 1.000000000000
2.393604096841 2.272811434146 1.000000000000
2.594107703780 2.499078578646 1.000000000000
2.941050099586 2.547262552696 1.000000000000
0.395241802566 1.153409433298 1.000000000000
2.522387831636 1.960179533071 1.000000000000
1.730256706952 1.491026856096 1.000000000000
2.828279372628 1.991899614664 1.000000000000
4.439461423906 2.795106442776 1.000000000000
3.065098872632 2.762051542719 1.000000000000
2.550160913391 2.051275252671 1.000000000000
3.006471356535 3.002609705766 1.000000000000
3.572288027892 2.436839633006 1.000000000000
2.735877375079 2.585471916658 1.000000000000
2.928295608390 3.222094516855 1.000000000000
4.503116063750 2.835409248115 1.000000000000
2.444410698916 2.262421165683 1.000000000000
2.342287091470 2.169609615870 1.000000000000
2.114673710295 2.573692703511 1.000000000000
3.361246832949 2.318091899809 1.000000000000
3.348190163489 2.288394796536 1.000000000000
4.350025221896 2.945348178061 1.000000000000
2.060704651858 2.390932513695 1.000000000000
2.141772720393 1.565887440304 1.000000000000
2.796944497205 2.446855250029 1.000000000000
3.425931767317 2.358945515947 1.000000000000
2.749365781311 2.396273319863 1.000000000000
1.790368514363 1.623926539970 1.000000000000
3.996270490551 2.542604913760 1.000000000000
2.624021371606 2.773388924742 1.000000000000
3.583656787126 2.362479433975 1.000000000000
4.049036951077 2.691451727876 1.000000000000
1.076521937692 2.059564539510 1.000000000000
2.665831643183 2.603771454755 1.000000000000
2.910032390754 2.934103413250 1.000000000000
2.468125115043 2.246907178565 1.000000000000
4.568720835958 2.962847202541 1.000000000000
3.733751013071 2.704294905967 1.000000000000
3.609259471956 3.195760417608 1.000000000000
4.095853215319 2.675448722913 1.000000000000
7.280027969355 2.584453172223 -1.000000000000
5.334009652599 1.723326169711 -1.000000000000
5.704213302302 2.330014367852 -1.000000000000
5.677402021396 2.221913492789 -1.000000000000
4.241503741778 0.831782241222 -1.000000000000
4.185633385136 1.087773840537 -1.000000000000
5.953722578967 2.341100617129 -1.000000000000
5.683601589329 2.585936322049 -1.000000000000
5.032215859344 2.112026674221 -1.000000000000
6.338686120099 2.250811602954 -1.000000000000
4.367845783331 2.095049208197 -1.000000000000
5.713973627465 2.330730642993 -1.000000000000
4.084039439261 1.474102262812 -1.000000000000
4.481891008158 1.093966168604 -1.000000000000
5.547323407328 2.009795114557 -1.000000000000
3.179476726377 0.897198153586 -1.000000000000
4.688656746568 1.779599587717 -1.000000000000
5.075666163378 1.593833834388 -1.000000000000
3.451026209950 1.095476284011 -1.000000000000
6.263834703072 1.475323333088 -1.000000000000
5.109223030185 2.769388030738 -1.000000000000
4.736037293456 1.556113131420 -1.000000000000
6.556868268895 2.619616203336 -1.000000000000
5.318076160018 2.136923089992 -1.000000000000
4.342476183577 1.241966047058 -1.000000000000
5.103787070284 2.370229384392 -1.000000000000
5.614620750325 2.153652384046 -1.000000000000
4.594953140806 1.869685107289 -1.000000000000
5.649970127390 1.495121415941 -1.000000000000
4.401345365102 1.341755946510 -1.000000000000
5.799797120893 2.084036176369 -1.000000000000
4.854958750919 1.022685892359 -1.000000000000
3.410395900754 0.846230657952 -1.000000000000
4.435959042923 1.681522563697 -1.000000000000
5.602305196034 2.237520794947 -1.000000000000
4.849522153408 2.014318567325 -1.000000000000
4.666674771312 1.682723559837 -1.000000000000
5.654492524014 2.166495239243 -1.000000000000
4.517071383617 2.117795352208 -1.000000000000
4.264905316229 1.472944420325 -1.000000000000
3.781529494206 1.179890412958 -1.000000000000
5.807006161459 1.591566725904 -1.000000000000
5.697499632423 2.074032830323 -1.000000000000
4.353323685999 1.478874283687 -1.000000000000
4.985511371208 1.782436148475 -1.000000000000
4.883589549552 0.962989768339 -1.000000000000
5.852191209187 2.399219927724 -1.000000000000
4.608470012901 1.557141677216 -1.000000000000
4.601116371876 2.149924814959 -1.000000000000
4.702802543542 1.383852049891 -1.000000000000
4.602552009362 1.719263175000 -1.000000000000
5.425353176123 2.159754419485 -1.000000000000
3.283888169158 0.721291627158 -1.000000000000
3.396653317720 1.130459681794 -1.000000000000
5.279027512160 2.396030432472 -1.000000000000
4.942810286073 2.011740166103 -1.000000000000
4.561956289944 2.195140419151 -1.000000000000
5.125517571712 2.277531840511 -1.000000000000
6.008913928684 1.935316774171 -1.000000000000
6.029575833566 2.204540740422 -1.000000000000
3.760157981473 0.720241546025 -1.000000000000
3.513872871377 1.124422463461 -1.000000000000
1.694678229448 -0.011406324137 -1.000000000000
3.878873199583 0.730370523994 -1.000000000000
3.125191848870 0.616671349734 -1.000000000000
5.015252775042 1.369136857237 -1.000000000000
4.390360376125 0.973246705580 -1.000000000000
5.980461363958 2.410579180203 -1.000000000000
3.121383480817 0.888231091013 -1.000000000000
3.435813231496 0.910651259806 -1.000000000000
3.529456044356 1.069901740372 -1.000000000000
1.762746069254 0.179531712551 -1.000000000000
3.886925683335 1.201921554826 -1.000000000000
4.422107289658 1.188310228802 -1.000000000000
4.155063361165 0.210530113823 -1.000000000000
5.488322093996 2.134754143324 -1.000000000000
3.054756422458 1.085384175886 -1.000000000000
1.836696869381 -0.051416961454 -1.000000000000
6.067040030567 2.195090557561 -1.000000000000
2.972588985320 0.957244172575 -1.000000000000
4.553812602799 0.763868657616 -1.000000000000
3.358563106471 0.821185909850 -1.000000000000
3.330746027266 0.286882256625 -1.000000000000
3.718311605944 1.584319742227 -1.000000000000
1.643369223438 0.289942164761 -1.000000000000
4.539617744803 1.028843916190 -1.000000000000
3.101593621385 0.953658753956 -1.000000000000
4.471107224569 1.341589671563 -1.000000000000
5.287138566729 1.692655187014 -1.000000000000
2.539794039557 0.344315635570 -1.000000000000
5.215940112085 1.774064912549 -1.000000000000
4.672514401945 1.358735180114 -1.000000000000
3.320732421277 0.843969644537 -1.000000000000
4.372307608765 1.190770375218 -1.000000000000
3.185890474182 0.523646563874 -1.000000000000
2.614633033773 0.070025826710 -1.000000000000
3.852419629759 1.245223160260 -1.000000000000
4.646665889590 1.193205223608 -1.000000000000
2.910074899951 0.875142449240 -1.000000000000
3.499573420540 0.497442188229 -1.000000000000
3.677669865505 2.613414761690 1.000000000000
2.431619275794 2.297489245514 1.000000000000
4.796037501661 1.412014330535 -1.000000000000
3.492714814091 2.719022300843 1.000000000000
1.001962864988 1.858702668809 1.000000000000
2.167767230465 1.840958897220 1.000000000000
3.650797371101 2.560459292472 1.000000000000
3.843140898487 1.915404104250 -1.000000000000
1.137185466732 1.180870281810 1.000000000000
2.215480829563 2.167476709439 1.000000000000
2.684851012840 2.065178206627 1.000000000000
-1.204885969287 0.360283649848 1.000000000000
3.810938496982 0.932735981643 -1.000000000000
-0.906246586051 0.136115807788 1.000000000000
0.974657440433 1.291976039587 1.000000000000
1.378471915655 1.589462447340 1.000000000000
5.532539769920 2.540388032252 -1.000000000000
1.423086221124 2.331868167970 1.000000000000
4.228934217946 3.458995959437 1.000000000000
5.697890554234 1.933104037873 -1.000000000000
5.034972326692 1.360378615651 -1.000000000000
2.819385968756 2.406068494848 1.000000000000
5.021063513052 1.505168708655 -1.000000000000
5.088609808317 2.184054316875 -1.000000000000
4.007728944972 0.914265040361 -1.000000000000
3.523328056696 0.657030635131 -1.000000000000
5.829825655829 2.048257530216 -1.000000000000
3.172736205642 2.946349239951 1.000000000000
2.521914364362 1.659255229128 1.000000000000
5.820630701186 2.019731332907 -1.000000000000
4.178295169840 3.750726721529 1.000000000000
3.703364422973 0.220547096428 -1.000000000000
4.534614297668 1.586910418557 -1.000000000000
-0.296377398658 0.582968191795 1.000000000000
0.051242615844 1.054067006917 1.000000000000
4.722909907810 1.550678109204 -1.000000000000
0.774220261418 0.812669945985 1.000000000000
6.461606411001 2.285970369289 -1.000000000000
2.613306281893 2.279819651368 1.000000000000
3.365058302633 2.747133355299 1.000000000000
2.442105409249 2.983653882974 1.000000000000
3.464818780828 0.662326073765 -1.000000000000
5.343633152995 1.914131208556 -1.000000000000
5.069391266637 2.188413084853 -1.000000000000
0.752202602241 1.412119427686 1.000000000000
3.834991027289 1.241470648157 -1.000000000000
1.957290792738 1.750356250809 1.000000000000
4.233691308911 0.775094826117 -1.000000000000
4.602661323722 1.270492641882 -1.000000000000
1.314130797687 1.210422471070 1.000000000000
-0.680668078184 -0.022635773877 1.000000000000
2.617144282280 0.508841038726 -1.000000000000
3.779055036122 2.632533290283 1.000000000000
2.522289796163 2.034644181477 1.000000000000
0.527097346802 0.400656855757 1.000000000000
2.274972391234 0.009028974725 -1.000000000000
4.537696607917 1.897710174867 -1.000000000000
2.875927891265 2.452958373947 1.000000000000
1.944364616910 2.012358172421 1.000000000000
5.392732325000 4.213487928180 1.000000000000
4.526893526207 0.833511964462 -1.000000000000
4.385872188794 1.554279866198 -1.000000000000
-0.494828078845 0.475033111311 1.000000000000
-0.186861747366 1.314446534314 1.000000000000
1.217838603222 1.405457957962 1.000000000000
2.827976242156 0.411181121769 -1.000000000000
5.828077490655 1.945668103024 -1.000000000000
4.812511437281 1.630018058127 -1.000000000000
-0.421384692214 0.846097301117 1.000000000000
0.189499422292 1.104491960087 1.000000000000
0.262699914242 0.841576788910 1.000000000000
4.998416960671 1.468545913963 -1.000000000000
2.089202750717 1.838410176433 1.000000000000
0.568099293117 0.966938482647 1.000000000000
3.796858876405 1.640521965205 -1.000000000000
3.179327393396 2.490770354708 1.000000000000
2.059400312774 1.865575186380 1.000000000000
0.804592127775 1.612619303009 1.000000000000
2.671766201297 2.315822673434 1.000000000000
5.306998979858 1.914179366191 -1.000000000000
4.483509553015 1.706368348309 -1.000000000000
3.086636069165 1.357466689173 -1.000000000000
5.656552436551 2.002441289195 -1.000000000000
0.699856966686 1.452773034409 1.000000000000
0.455125481255 1.207333034692 1.000000000000
2.632997419962 -0.031373066118 -1.000000000000
1.954500734307 0.005526726097 -1.000000000000
6.445683055151 2.166059577663 -1.000000000000
1.132388036895 1.325025066837 1.000000000000
4.343495578739 1.180656787939 -1.000000000000
5.786706215199 2.595537983089 -1.000000000000
2.952927135261 3.074030667454 1.000000000000
4.280162224622 0.909635873307 -1.000000000000
4.898386845031 1.256069422477 -1.000000000000
-0.909428406147 0.572295268961 1.000000000000
6.206985237779 1.365931486513 -1.000000000000
2.037150957115 1.928264820683 1.000000000000
1.230801516037 1.450120689899 1.000000000000
5.364342036926 2.596250135026 -1.000000000000
3.214442747629 0.299582943156 -1.000000000000
3.989779236708 1.068729945540 -1.000000000000
4.368180583685 1.177205745618 -1.000000000000
5.173995206403 1.860839493723 -1.000000000000
3.041655243960 1.175034184854 -1.000000000000
1.866632944418 1.035037858115 1.000000000000
1.181383666312 1.609428483861 1.000000000000
3.176224133785 2.266499801786 1.000000000000
4.646996023954 1.587835120718 -1.000000000000
3.274710765837 0.938804930416 -1.000000000000
-0.239330011338 0.033373334668 1.000000000000
-0.225713153955 1.248013634901 1.000000000000
3.794329458983 2.510302046392 1.000000000000
4.324109641879 1.103601342187 -1.000000000000
1.844146020761 1.419251615857 1.000000000000
3.607020055241 2.666403243074 1.000000000000
4.661100896771 1.045141473451 -1.000000000000
4.042873868246 0.999017652305 -1.000000000000
3.625818272893 1.038695906803 -1.000000000000
0.677250359850 1.017436950035 1.000000000000
4.583245390585 1.524076724303 -1.000000000000
1.987220587126 1.084843558402 1.000000000000
4.982415763750 1.426520962014 -1.000000000000
4.250859379396 2.983227735277 1.000000000000
0.522939663916 1.495994354981 1.000000000000
5.589005844680 2.290581960471 -1.000000000000
3.203123671618 0.941781625316 -1.000000000000
2.495940419243 1.800122324479 1.000000000000
3.924628760710 2.406921760510 1.000000000000
3.532137502206 0.446460623917 -1.000000000000
4.246289070761 1.120113240234 -1.000000000000
1.009830401754 1.136662036026 1.000000000000
4.683546403776 1.476816064378 -1.000000000000
1.944955644172 1.867628182761 1.000000000000
1.907235591037 2.018042629345 1.000000000000
-0.836885885534 0.258384246253 1.000000000000
6.228429611817 2.739081999703 -1.000000000000
3.352791586740 2.684291535045 1.000000000000
1.263651865306 1.231775634549 1.000000000000
4.825759189448 1.654615451830 -1.000000000000
6.256475726986 2.394160311223 -1.000000000000
2.741099111436 2.520659895921 1.000000000000
-0.105547827318 0.596398911057 1.000000000000
3.414989889269 2.341301589095 1.000000000000
3.046702005162 -0.014510003901 -1.000000000000
4.561960917110 1.180768158638 -1.000000000000
6.823463488257 2.629579604619 -1.000000000000
-0.084532238014 0.351124447193 1.000000000000
2.468194221775 2.073045346823 1.000000000000
1.617876816444 1.470866073948 1.000000000000
5.855542647837 2.117794190677 -1.000000000000
-0.474571444296 0.354685308675 1.000000000000
1.380653981903 1.563025657885 1.000000000000
4.406093847200 0.536037822040 -1.000000000000
3.090988898384 0.556511779592 -1.000000000000
3.660113332162 2.589943502502 1.000000000000
5.096266238286 3.504402773484 1.000000000000
4.215114394346 2.620516923916 1.000000000000
-0.453975259274 0.872243991767 1.000000000000
5.296147933483 2.039282499788 -1.000000000000
3.568323098404 2.507787363602 1.000000000000
5.787340376365 2.358988556244 -1.000000000000
1.765570511777 1.909923558366 1.000000000000
3.028523512839 2.403498877530 1.000000000000
6.111554350095 1.690722195454 -1.000000000000
4.179339315322 1.428448063989 -1.000000000000
3.842374180815 1.729222749500 -1.000000000000
3.530833498553 0.858252793961 -1.000000000000
1.170769345885 1.660423706975 1.000000000000
4.654177761735 1.448708880618 -1.000000000000
2.808475994935 0.528172568715 -1.000000000000
2.389098365152 2.937687277410 1.000000000000
4.195665226290 1.056187869959 -1.000000000000
5.666929519299 2.234730924030 -1.000000000000
0.236597182905 1.028364151609 1.000000000000
6.952582386941 2.458234857274 -1.000000000000
4.274690472799 0.882026322592 -1.000000000000
1.398989905734 0.922606639488 1.000000000000
5.820386563143 1.969536963999 -1.000000000000
-1.070489233626 0.197685768360 1.000000000000
3.321491696422 0.737244568072 -1.000000000000
3.998057796185 0.909896449279 -1.000000000000
3.250565221981 2.660391699902 1.000000000000
2.296967123581 2.088174676270 1.000000000000
0.185860697491 0.706665737171 1.000000000000
6.184353307752 1.643083428243 -1.000000000000
3.924046694390 0.668819298109 -1.000000000000
-1.249143222281 -0.050365234609 1.000000000000
4.833444495841 1.505935880042 -1.000000000000
0.190853044879 1.170138432270 1.000000000000
2.554357994344 3.038024662120 1.000000000000
3.857333698902 0.937317186634 -1.000000000000
4.706367408859 1.856737232309 -1.000000000000
1.486151434814 1.583843500227 1.000000000000
3.610459701766 3.369682657098 1.000000000000
4.671909401630 0.727888493421 -1.000000000000
2.861139108435 0.869468717976 -1.000000000000
4.485075205053 1.875120576513 -1.000000000000
4.915119859364 1.046073850660 -1.000000000000
5.603683028035 1.528560890379 -1.000000000000
5.262383958713 1.220881066087 -1.000000000000
3.416251980576 0.326314084362 -1.000000000000
5.421198959114 2.475306170649 -1.000000000000
2.759603638756 2.730862040334 1.000000000000
5.337678154928 1.995082960929 -1.000000000000
4.891991976668 1.862354924099 -1.000000000000
3.302164462925 0.756365179211 -1.000000000000
0.874787410551 1.015997200204 1.000000000000
5.552195447794 1.469687356358 -1.000000000000
0.807354684007 0.910847344739 1.000000000000
4.186551650858 1.477286012598 -1.000000000000
5.099828249220 1.564975211879 -1.000000000000
4.389112673828 3.515488796763 1.000000000000
4.408590060810 1.363380851990 -1.000000000000
5.085283925058 1.461421446218 -1.000000000000
5.018756176975 1.551399522516 -1.000000000000
-0.298219976007 0.692517068521 1.000000000000
6.442659027466 2.866421163023 -1.000000000000
3.715513265390 1.227824781911 -1.000000000000
2.245170238946 1.446870421333 1.000000000000
0.110722308887 1.186991121518 1.000000000000
3.794270852776 3.001405658143 1.000000000000
4.968902347123 2.386269015142 -1.000000000000
2.990823057828 0.281467862339 -1.000000000000
0.321352152181 0.730413556259 1.000000000000
5.434696776121 2.006338328144 -1.000000000000
-0.807559611308 1.245518159720 1.000000000000
1.814989646093 1.566609995942 1.000000000000
6.146531461242 2.754645522403 -1.000000000000
3.798837794937 1.182503796582 -1.000000000000
-0.627675546996 0.586555763257 1.000000000000
1.244821102955 1.299229084438 1.000000000000
3.978821114768 2.644179435975 1.000000000000
5.195446282431 1.896777946102 -1.000000000000
4.510450299012 0.984785398239 -1.000000000000
3.197682532979 2.686037750755 1.000000000000
0.543553751649 1.640140512237 1.000000000000
4.275808164178 1.359779861069 -1.000000000000
3.388947970074 0.538734609159 -1.000000000000
2.009735549245 0.826286603535 1.000000000000
1.566875985883 1.609645930912 1.000000000000
4.538167984882 1.590006037463 -1.000000000000
-0.306495683937 0.726489264514 1.000000000000
3.836827346964 2.990176203483 1.000000000000
4.359275639832 0.561623465779 -1.000000000000
5.361479621669 2.523145753227 -1.000000000000
2.791476440534 2.477530509363 1.000000000000
3.102802503536 2.281680722698 1.000000000000
-0.933332700755 0.467272511002 1.000000000000
2.241815412328 0.068713683833 -1.000000000000
2.065159965018 1.325754101375 1.000000000000
4.321412487882 3.107274268845 1.000000000000
0.152231039378 0.513056165153 1.000000000000
0.571527612388 1.916563499520 1.000000000000
0.685358137322 1.122009226658 1.000000000000
6.069150087003 3.404530990284 -1.000000000000
3.339400372980 0.435305017074 1.000000000000
0.578469640433 0.197735356584 1.000000000000
2.607852517919 0.754129812140 -1.000000000000
6.104067166995 1.618113844975 -1.000000000000
2.384712035824 1.921332494144 1.000000000000
3.777201076669 0.896691848028 -1.000000000000
0.566552682891 1.355538107725 1.000000000000
0.348024483518 0.940102145419 1.000000000000
4.386615342692 1.448033042373 -1.000000000000
5.364169942854 2.547983635941 1.000000000000
2.651632494998 2.298351628104 1.000000000000
3.714697044612 3.211319474114 1.000000000000
5.258350339466 1.160747857749 -1.000000000000
1.127963380014 1.398996852575 1.000000000000
3.766731456138 2.755047262688 1.000000000000
-0.078654991434 0.379284903681 1.000000000000
2.870957069993 2.117942907690 1.000000000000
3.559993844172 2.744895258198 1.000000000000
4.184663370574 0.622059303042 -1.000000000000
6.251852959803 1.844271075764 -1.000000000000
0.598200673646 1.180652443772 1.000000000000
7.308260204830 2.852139048228 -1.000000000000
4.039235646625 3.922562819296 1.000000000000
4.494869036598 1.288349763853 -1.000000000000
-0.756143226794 0.603924623117 1.000000000000
3.048733920977 2.786031931416 1.000000000000
4.269071088329 1.043464612387 -1.000000000000
2.305884500511 1.907075583216 1.000000000000
4.804656372095 1.434014614535 -1.000000000000
3.218863892482 0.217002627509 -1.000000000000
5.757076219742 1.875075392784 -1.000000000000
2.901018125707 2.773509659148 1.000000000000
-0.272495265316 0.167066665584 1.000000000000
4.876097981561 1.694558509231 -1.000000000000
3.517895750292 0.828739439987 -1.000000000000
6.156715527698 3.029141800830 -1.000000000000
4.895001646663 1.829094440235 -1.000000000000
3.912750761173 1.204886290403 -1.000000000000
0.183867893190 -0.283129722317 1.000000000000
3.289807493294 0.769190456306 -1.000000000000
1.418961930148 1.424267511123 1.000000000000
1.716933220915 2.483691264121 1.000000000000
-1.377014014915 0.057172699272 1.000000000000
2.964737390913 0.417015834578 -1.000000000000
4.479461837817 0.669505194188 -1.000000000000
3.606294465230 1.720773514174 -1.000000000000
2.902830162203 1.356951715317 1.000000000000
4.926235014174 1.691456012594 -1.000000000000
5.183581861189 1.657509705110 -1.000000000000
1.880364501307 1.953102866696 1.000000000000
4.348207949232 0.955915046299 -1.000000000000
-0.243062535992 0.712024489847 1.000000000000
4.700198538346 1.115743537585 -1.000000000000
2.762555490841 0.347648980598 -1.000000000000
1.348887643321 1.761073819224 1.000000000000
0.290086078955 0.410259450082 1.000000000000
3.256444759730 0.428733405824 -1.000000000000
6.363347202525 2.689655191868 -1.000000000000
3.930136747407 1.124995147798 -1.000000000000
1.568108698765 1.561394251228 1.000000000000
3.399907003050 2.933909846822 1.000000000000
3.528030903159 0.691115949645 -1.000000000000
3.441276248691 2.966092507418 1.000000000000
3.330634839620 2.939761298334 1.000000000000
3.914064434280 0.488237859452 -1.000000000000
3.688225607437 2.349325261553 1.000000000000
3.022835640179 0.684426339313 -1.000000000000
-0.906472653322 0.190978353784 1.000000000000
2.820877130820 1.340978010326 -1.000000000000
6.224881532227 1.352596115311 -1.000000000000
1.158865899250 1.044600971335 -1.000000000000
5.714939462084 2.427463117291 -1.000000000000
3.163685767938 -0.502326942030 -1.000000000000
6.228792614720 2.055744718304 -1.000000000000
4.578037196499 3.645288515379 1.000000000000
5.599518910002 1.603161997163 -1.000000000000
0.605511803375 1.389786559172 1.000000000000
4.098017645590 1.475849192498 -1.000000000000
4.066823440084 1.831820369734 -1.000000000000
4.249323080522 1.632316068881 -1.000000000000
1.174457520875 1.845914437691 1.000000000000
3.841807747805 3.324425808965 1.000000000000
5.601189318553 1.479748431269 -1.000000000000
4.229995604038 2.661344855436 1.000000000000
5.237357870371 1.468022032848 -1.000000000000
4.585202439861 1.217280503907 -1.000000000000
2.404464683844 0.825700828629 1.000000000000
1.443736396939 1.566142964617 1.000000000000
3.601166060588 2.917054458180 1.000000000000
4.068373564635 2.221374180892 -1.000000000000
4.860277502910 1.318869313902 -1.000000000000
5.318846374624 1.838714348862 -1.000000000000
0.352283298118 0.894824180460 1.000000000000
1.121063734174 1.442573821968 1.000000000000
-1.049374457738 0.662802681589 1.000000000000
6.386775572273 1.980498915204 -1.000000000000
2.431919992053 2.819187289686 1.000000000000
4.211482171300 2.676952057592 1.000000000000
4.478699570699 3.249965460017 1.000000000000
3.950206880147 1.413081455453 -1.000000000000
4.629094100980 1.263276291409 -1.000000000000
2.677233610924 2.517014183249 1.000000000000
6.779480007783 1.907409190537 -1.000000000000
4.923392726168 1.847151969683 -1.000000000000
-0.033097295917 0.719204611347 1.000000000000
2.014332654431 1.818925759715 1.000000000000
0.167505220548 1.078764207182 1.000000000000
-1.507207742648 -0.118965720786 1.000000000000
5.606827371701 1.163447253336 -1.000000000000
4.908379275699 0.810042463067 -1.000000000000
0.766201988070 1.357830106954 1.000000000000
-1.045450318560 0.395372811459 1.000000000000
6.389108339197 2.216734015250 -1.000000000000
6.709649346236 2.997989154807 -1.000000000000
3.573702786006 0.983015674749 -1.000000000000
1.711984136107 1.715170895328 1.000000000000
3.095088003891 1.248847224118 -1.000000000000
5.166633334377 1.394310541712 -1.000000000000
-0.527754777721 0.203687655021 1.000000000000
-0.356620931400 0.755681778662 1.000000000000
5.143746326876 1.571992071922 -1.000000000000
-0.050694126151 1.266740713032 1.000000000000
2.598540411543 2.239773790834 1.000000000000
0.079721958248 0.312263953477 1.000000000000
4.692766965391 1.121454923049 -1.000000000000
5.788134274334 2.524947070928 -1.000000000000
4.289849446903 3.110917801173 1.000000000000
4.145155898432 3.513515396981 1.000000000000
2.558854660855 0.593451595579 -1.000000000000
5.325570230840 1.910059008210 -1.000000000000
4.103778002259 2.084882659284 -1.000000000000
3.401492942459 0.683607986544 -1.000000000000
4.067344689443 2.960824429746 1.000000000000
0.586021143691 1.394970887390 1.000000000000
5.232840815017 1.157300817854 -1.000000000000
4.586881967334 1.592169080195 -1.000000000000
4.561758375235 1.438172005496 -1.000000000000
2.161079627285 2.083166742585 1.000000000000
2.495180663470 2.490089450811 1.000000000000
5.179228846497 2.248681088483 -1.000000000000
1.266620251517 1.193826631493 1.000000000000
4.732986583581 1.577721154201 -1.000000000000
1.907838978398 1.818772157221 1.000000000000
3.466967319199 1.414373466401 -1.000000000000
3.778727811931 2.924225262136 1.000000000000
