# XDBGEN converter version 211
#topsilk
$0 r8
@0 .geometry
@1 .drill
@2 .pad_usage
&0  
L -0.259212 0.086613 -0.259212 0.136613 0 P 0
L -0.259212 0.136613 0.140788 0.136613 0 P 0
L 0.140788 0.136613 0.140788 -0.063387 0 P 0
L 0.140788 -0.063387 -0.259212 -0.063387 0 P 0
L -0.259212 -0.063387 -0.259212 -0.013387 0 P 0
L -0.209212 0.036613 -0.210171 0.046801 0 P 0
L -0.210171 0.046801 -0.212946 0.056239 0 P 0
L -0.212946 0.056239 -0.217386 0.064739 0 P 0
L -0.217386 0.064739 -0.223337 0.072113 0 P 0
L -0.223337 0.072113 -0.230647 0.078176 0 P 0
L -0.230647 0.078176 -0.239165 0.082739 0 P 0
L -0.239165 0.082739 -0.248737 0.085613 0 P 0
L -0.248737 0.085613 -0.259212 0.086613 0 P 0
L -0.209212 0.036613 -0.210171 0.026139 0 P 0
L -0.210171 0.026139 -0.212946 0.016567 0 P 0
L -0.212946 0.016567 -0.217386 0.008049 0 P 0
L -0.217386 0.008049 -0.223337 0.000739 0 P 0
L -0.223337 0.000739 -0.230647 -0.005213 0 P 0
L -0.230647 -0.005213 -0.239165 -0.009652 0 P 0
L -0.239165 -0.009652 -0.248737 -0.012428 0 P 0
L -0.248737 -0.012428 -0.259212 -0.013387 0 P 0
L -0.296212 0.011613 -0.266212 0.011613 0 P 0
L -0.266212 0.011613 -0.260212 0.017863 0 P 0
L -0.260212 0.017863 -0.260212 0.042863 0 P 0
L -0.260212 0.042863 -0.266212 0.049113 0 P 0
L -0.266212 0.049113 -0.296212 0.049113 0 P 0
L -0.284212 0.074113 -0.296212 0.086613 0 P 0
L -0.296212 0.086613 -0.260212 0.086613 0 P 0
L -0.204212 -0.198387 -0.154212 -0.198387 0 P 0
L 0.045788 -0.198387 0.095788 -0.198387 0 P 0
L -0.044212 -0.262387 -0.044212 -0.226387 0 P 0
L -0.044212 -0.226387 -0.012962 -0.226387 0 P 0
L -0.012962 -0.226387 -0.006712 -0.232387 0 P 0
L -0.006712 -0.232387 -0.006712 -0.238387 0 P 0
L -0.006712 -0.238387 -0.012962 -0.244387 0 P 0
L -0.012962 -0.244387 -0.044212 -0.244387 0 P 0
L -0.012962 -0.244387 -0.006712 -0.250387 0 P 0
L -0.006712 -0.250387 -0.006712 -0.262387 0 P 0
L 0.012038 -0.232387 0.018288 -0.226387 0 P 0
L 0.018288 -0.226387 0.037038 -0.226387 0 P 0
L 0.037038 -0.226387 0.043288 -0.232387 0 P 0
L 0.043288 -0.232387 0.043288 -0.238387 0 P 0
L 0.043288 -0.238387 0.037038 -0.244387 0 P 0
L 0.037038 -0.244387 0.018288 -0.244387 0 P 0
L 0.018288 -0.244387 0.012038 -0.250387 0 P 0
L 0.012038 -0.250387 0.012038 -0.262387 0 P 0
L 0.012038 -0.262387 0.043288 -0.262387 0 P 0
L 0.290788 -0.133387 0.300976 -0.135387 0 P 0
L 0.300976 -0.135387 0.310413 -0.141137 0 P 0
L 0.310413 -0.141137 0.318913 -0.150261 0 P 0
L 0.318913 -0.150261 0.326288 -0.162387 0 P 0
L 0.326288 -0.162387 0.332351 -0.177137 0 P 0
L 0.332351 -0.177137 0.336913 -0.194137 0 P 0
L 0.336913 -0.194137 0.339788 -0.213012 0 P 0
L 0.339788 -0.213012 0.340788 -0.233387 0 P 0
L 0.290788 -0.333387 0.300976 -0.331387 0 P 0
L 0.300976 -0.331387 0.310413 -0.325637 0 P 0
L 0.310413 -0.325637 0.318913 -0.316512 0 P 0
L 0.318913 -0.316512 0.326288 -0.304387 0 P 0
L 0.326288 -0.304387 0.332351 -0.289637 0 P 0
L 0.332351 -0.289637 0.336913 -0.272637 0 P 0
L 0.336913 -0.272637 0.339788 -0.253761 0 P 0
L 0.339788 -0.253761 0.340788 -0.233387 0 P 0
L 0.290788 -0.133387 0.280601 -0.135387 0 P 0
L 0.280601 -0.135387 0.271163 -0.141137 0 P 0
L 0.271163 -0.141137 0.262663 -0.150261 0 P 0
L 0.262663 -0.150261 0.255288 -0.162387 0 P 0
L 0.255288 -0.162387 0.249226 -0.177137 0 P 0
L 0.249226 -0.177137 0.244663 -0.194137 0 P 0
L 0.244663 -0.194137 0.241788 -0.213012 0 P 0
L 0.241788 -0.213012 0.240788 -0.233387 0 P 0
L 0.290788 -0.333387 0.280601 -0.331387 0 P 0
L 0.280601 -0.331387 0.271163 -0.325637 0 P 0
L 0.271163 -0.325637 0.262663 -0.316512 0 P 0
L 0.262663 -0.316512 0.255288 -0.304387 0 P 0
L 0.255288 -0.304387 0.249226 -0.289637 0 P 0
L 0.249226 -0.289637 0.244663 -0.272637 0 P 0
L 0.244663 -0.272637 0.241788 -0.253761 0 P 0
L 0.241788 -0.253761 0.240788 -0.233387 0 P 0
L 0.386788 -0.245887 0.392788 -0.252137 0 P 0
L 0.392788 -0.252137 0.392788 -0.270887 0 P 0
L 0.392788 -0.270887 0.380788 -0.283387 0 P 0
L 0.380788 -0.283387 0.368788 -0.283387 0 P 0
L 0.368788 -0.283387 0.356788 -0.270887 0 P 0
L 0.356788 -0.270887 0.356788 -0.252137 0 P 0
L 0.356788 -0.252137 0.362788 -0.245887 0 P 0
L 0.368788 -0.220887 0.356788 -0.208387 0 P 0
L 0.356788 -0.208387 0.392788 -0.208387 0 P 0
L -0.309212 0.221613 -0.109212 0.221613 0 P 0
L -0.339212 0.286613 -0.337337 0.271535 0 P 0
L -0.337337 0.271535 -0.331712 0.255988 0 P 0
L -0.331712 0.255988 -0.322337 0.239504 0 P 0
L -0.322337 0.239504 -0.309212 0.221613 0 P 0
L -0.339212 0.286613 -0.338176 0.312172 0 P 0
L -0.338176 0.312172 -0.331687 0.335807 0 P 0
L -0.331687 0.335807 -0.320299 0.357063 0 P 0
L -0.320299 0.357063 -0.304563 0.37548 0 P 0
L -0.304563 0.37548 -0.285034 0.390602 0 P 0
L -0.285034 0.390602 -0.262263 0.40197 0 P 0
L -0.262263 0.40197 -0.236805 0.409126 0 P 0
L -0.236805 0.409126 -0.209212 0.411613 0 P 0
L -0.079212 0.286613 -0.081087 0.271535 0 P 0
L -0.081087 0.271535 -0.086712 0.255988 0 P 0
L -0.086712 0.255988 -0.096087 0.239504 0 P 0
L -0.096087 0.239504 -0.109212 0.221613 0 P 0
L -0.079212 0.286613 -0.080248 0.312172 0 P 0
L -0.080248 0.312172 -0.086736 0.335807 0 P 0
L -0.086736 0.335807 -0.098125 0.357063 0 P 0
L -0.098125 0.357063 -0.11386 0.37548 0 P 0
L -0.11386 0.37548 -0.13339 0.390602 0 P 0
L -0.13339 0.390602 -0.15616 0.40197 0 P 0
L -0.15616 0.40197 -0.181619 0.409126 0 P 0
L -0.181619 0.409126 -0.209212 0.411613 0 P 0
L -0.314212 0.356613 -0.301712 0.368613 0 P 0
L -0.301712 0.368613 -0.289212 0.368613 0 P 0
L -0.289212 0.368613 -0.276712 0.356613 0 P 0
L -0.276712 0.356613 -0.276712 0.344613 0 P 0
L -0.276712 0.344613 -0.289212 0.332613 0 P 0
L -0.289212 0.332613 -0.301712 0.332613 0 P 0
L -0.301712 0.332613 -0.314212 0.344613 0 P 0
L -0.314212 0.344613 -0.314212 0.356613 0 P 0
L -0.289212 0.344613 -0.276712 0.332613 0 P 0
L -0.257962 0.362613 -0.251712 0.368613 0 P 0
L -0.251712 0.368613 -0.232962 0.368613 0 P 0
L -0.232962 0.368613 -0.226712 0.362613 0 P 0
L -0.226712 0.362613 -0.226712 0.356613 0 P 0
L -0.226712 0.356613 -0.232962 0.350613 0 P 0
L -0.232962 0.350613 -0.251712 0.350613 0 P 0
L -0.251712 0.350613 -0.257962 0.344613 0 P 0
L -0.257962 0.344613 -0.257962 0.332613 0 P 0
L -0.257962 0.332613 -0.226712 0.332613 0 P 0
L 0.290788 0.186613 0.340788 0.186613 0 P 0
L 0.340788 0.186613 0.340788 -0.113387 0 P 0
L 0.340788 -0.113387 0.290788 -0.113387 0 P 0
L 0.290788 0.186613 0.340788 0.136613 0 P 0
L 0.290788 0.136613 0.340788 0.086613 0 P 0
L 0.290788 0.086613 0.340788 0.036613 0 P 0
L 0.290788 0.036613 0.340788 -0.013387 0 P 0
L 0.290788 -0.013387 0.340788 -0.063387 0 P 0
L 0.290788 -0.063387 0.340788 -0.113387 0 P 0
L 0.368788 -0.013387 0.356788 -0.000887 0 P 0
L 0.356788 -0.000887 0.356788 0.011613 0 P 0
L 0.356788 0.011613 0.368788 0.024113 0 P 0
L 0.368788 0.024113 0.380788 0.024113 0 P 0
L 0.380788 0.024113 0.392788 0.011613 0 P 0
L 0.392788 0.011613 0.392788 -0.000887 0 P 0
L 0.392788 -0.000887 0.380788 -0.013387 0 P 0
L 0.380788 -0.013387 0.368788 -0.013387 0 P 0
L 0.380788 0.011613 0.392788 0.024113 0 P 0
L 0.368788 0.049113 0.356788 0.061613 0 P 0
L 0.356788 0.061613 0.392788 0.061613 0 P 0
L -0.269212 -0.288387 -0.219212 -0.288387 0 P 0
L -0.019212 -0.288387 0.030788 -0.288387 0 P 0
L -0.289212 -0.362387 -0.289212 -0.326387 0 P 0
L -0.289212 -0.326387 -0.257962 -0.326387 0 P 0
L -0.257962 -0.326387 -0.251712 -0.332387 0 P 0
L -0.251712 -0.332387 -0.251712 -0.338387 0 P 0
L -0.251712 -0.338387 -0.257962 -0.344387 0 P 0
L -0.257962 -0.344387 -0.289212 -0.344387 0 P 0
L -0.257962 -0.344387 -0.251712 -0.350387 0 P 0
L -0.251712 -0.350387 -0.251712 -0.362387 0 P 0
L -0.226712 -0.338387 -0.214212 -0.326387 0 P 0
L -0.214212 -0.326387 -0.214212 -0.362387 0 P 0
L -0.384212 -0.058387 -0.334212 -0.058387 0 P 0
L -0.384212 -0.058387 -0.359212 -0.008387 0 P 0
L -0.334212 -0.058387 -0.359212 -0.008387 0 P 0
L -0.384212 -0.008387 -0.334212 -0.008387 0 P 0
L -0.359212 -0.138387 -0.359212 -0.058387 0 P 0
L -0.359212 -0.008387 -0.359212 0.061613 0 P 0
L -0.380212 -0.023387 -0.416212 -0.023387 0 P 0
L -0.416212 -0.023387 -0.416212 0.001613 0 P 0
L -0.416212 0.001613 -0.404212 0.014113 0 P 0
L -0.404212 0.014113 -0.392212 0.014113 0 P 0
L -0.392212 0.014113 -0.380212 0.001613 0 P 0
L -0.380212 0.001613 -0.380212 -0.023387 0 P 0
L -0.404212 0.039113 -0.416212 0.051613 0 P 0
L -0.416212 0.051613 -0.380212 0.051613 0 P 0
L 0.078288 0.429113 0.028288 0.429113 0 P 0
L -0.171712 0.429113 -0.221712 0.429113 0 P 0
L -0.126712 0.412113 -0.126712 0.448113 0 P 0
L -0.126712 0.448113 -0.095462 0.448113 0 P 0
L -0.095462 0.448113 -0.089212 0.442113 0 P 0
L -0.089212 0.442113 -0.089212 0.436113 0 P 0
L -0.089212 0.436113 -0.095462 0.430113 0 P 0
L -0.095462 0.430113 -0.126712 0.430113 0 P 0
L -0.095462 0.430113 -0.089212 0.424113 0 P 0
L -0.089212 0.424113 -0.089212 0.412113 0 P 0
L -0.070462 0.442113 -0.064212 0.448113 0 P 0
L -0.064212 0.448113 -0.045462 0.448113 0 P 0
L -0.045462 0.448113 -0.039212 0.442113 0 P 0
L -0.039212 0.442113 -0.039212 0.436113 0 P 0
L -0.039212 0.436113 -0.045462 0.430113 0 P 0
L -0.045462 0.430113 -0.039212 0.424113 0 P 0
L -0.039212 0.424113 -0.039212 0.418113 0 P 0
L -0.039212 0.418113 -0.045462 0.412113 0 P 0
L -0.045462 0.412113 -0.064212 0.412113 0 P 0
L -0.064212 0.412113 -0.070462 0.418113 0 P 0
L -0.057962 0.430113 -0.045462 0.430113 0 P 0
L -0.079212 -0.405387 -0.079212 -0.411387 0 P 0
L -0.079212 -0.411387 -0.072962 -0.417387 0 P 0
L -0.072962 -0.417387 -0.047962 -0.417387 0 P 0
L -0.047962 -0.417387 -0.041712 -0.411387 0 P 0
L -0.041712 -0.411387 -0.041712 -0.381387 0 P 0
L -0.016712 -0.393387 -0.004212 -0.381387 0 P 0
L -0.004212 -0.381387 -0.004212 -0.417387 0 P 0
L 0.280788 0.274613 0.280788 0.268613 0 P 0
L 0.280788 0.268613 0.287038 0.262613 0 P 0
L 0.287038 0.262613 0.312038 0.262613 0 P 0
L 0.312038 0.262613 0.318288 0.268613 0 P 0
L 0.318288 0.268613 0.318288 0.298613 0 P 0
L 0.337038 0.292613 0.343288 0.298613 0 P 0
L 0.343288 0.298613 0.362038 0.298613 0 P 0
L 0.362038 0.298613 0.368288 0.292613 0 P 0
L 0.368288 0.292613 0.368288 0.286613 0 P 0
L 0.368288 0.286613 0.362038 0.280613 0 P 0
L 0.362038 0.280613 0.343288 0.280613 0 P 0
L 0.343288 0.280613 0.337038 0.274613 0 P 0
L 0.337038 0.274613 0.337038 0.262613 0 P 0
L 0.337038 0.262613 0.368288 0.262613 0 P 0
L 0.200788 -0.345387 0.200788 -0.351387 0 P 0
L 0.200788 -0.351387 0.207038 -0.357387 0 P 0
L 0.207038 -0.357387 0.232038 -0.357387 0 P 0
L 0.232038 -0.357387 0.238288 -0.351387 0 P 0
L 0.238288 -0.351387 0.238288 -0.321387 0 P 0
L 0.257038 -0.327387 0.263288 -0.321387 0 P 0
L 0.263288 -0.321387 0.282038 -0.321387 0 P 0
L 0.282038 -0.321387 0.288288 -0.327387 0 P 0
L 0.288288 -0.327387 0.288288 -0.333387 0 P 0
L 0.288288 -0.333387 0.282038 -0.339387 0 P 0
L 0.282038 -0.339387 0.288288 -0.345387 0 P 0
L 0.288288 -0.345387 0.288288 -0.351387 0 P 0
L 0.288288 -0.351387 0.282038 -0.357387 0 P 0
L 0.282038 -0.357387 0.263288 -0.357387 0 P 0
L 0.263288 -0.357387 0.257038 -0.351387 0 P 0
L 0.269538 -0.339387 0.282038 -0.339387 0 P 0
L 0.195788 0.374613 0.195788 0.368613 0 P 0
L 0.195788 0.368613 0.202038 0.362613 0 P 0
L 0.202038 0.362613 0.227038 0.362613 0 P 0
L 0.227038 0.362613 0.233288 0.368613 0 P 0
L 0.233288 0.368613 0.233288 0.398613 0 P 0
L 0.283288 0.374613 0.245788 0.374613 0 P 0
L 0.245788 0.374613 0.270788 0.398613 0 P 0
L 0.270788 0.398613 0.270788 0.362613 0 P 0
L -0.35 -0.494 -0.35 -0.464 0 P 0
L -0.35 -0.47 -0.34375 -0.464 0 P 0
L -0.34375 -0.464 -0.31875 -0.464 0 P 0
L -0.31875 -0.464 -0.3125 -0.47 0 P 0
L -0.3125 -0.47 -0.3125 -0.476 0 P 0
L -0.3125 -0.476 -0.31875 -0.482 0 P 0
L -0.31875 -0.482 -0.34375 -0.482 0 P 0
L -0.34375 -0.482 -0.35 -0.476 0 P 0
L -0.3 -0.488 -0.3 -0.464 0 P 0
L -0.3 -0.47 -0.29375 -0.464 0 P 0
L -0.29375 -0.464 -0.26875 -0.464 0 P 0
L -0.26875 -0.464 -0.2625 -0.47 0 P 0
L -0.25 -0.47 -0.24375 -0.464 0 P 0
L -0.24375 -0.464 -0.21875 -0.464 0 P 0
L -0.21875 -0.464 -0.2125 -0.47 0 P 0
L -0.2125 -0.47 -0.2125 -0.482 0 P 0
L -0.2125 -0.482 -0.21875 -0.488 0 P 0
L -0.21875 -0.488 -0.24375 -0.488 0 P 0
L -0.24375 -0.488 -0.25 -0.482 0 P 0
L -0.25 -0.482 -0.25 -0.47 0 P 0
L -0.19375 -0.452 -0.19375 -0.482 0 P 0
L -0.19375 -0.482 -0.1875 -0.488 0 P 0
L -0.1875 -0.488 -0.16875 -0.488 0 P 0
L -0.16875 -0.488 -0.1625 -0.482 0 P 0
L -0.2 -0.464 -0.16875 -0.464 0 P 0
L -0.15 -0.476 -0.1125 -0.476 0 P 0
L -0.1125 -0.476 -0.1125 -0.47 0 P 0
L -0.1125 -0.47 -0.11875 -0.464 0 P 0
L -0.11875 -0.464 -0.14375 -0.464 0 P 0
L -0.14375 -0.464 -0.15 -0.47 0 P 0
L -0.15 -0.47 -0.15 -0.482 0 P 0
L -0.15 -0.482 -0.14375 -0.488 0 P 0
L -0.14375 -0.488 -0.11875 -0.488 0 P 0
L -0.1 -0.464 -0.1 -0.482 0 P 0
L -0.1 -0.482 -0.09375 -0.488 0 P 0
L -0.09375 -0.488 -0.06875 -0.488 0 P 0
L -0.06875 -0.488 -0.0625 -0.482 0 P 0
L -0.0625 -0.488 -0.0625 -0.464 0 P 0
L -0.01875 -0.464 -0.04375 -0.464 0 P 0
L -0.04375 -0.464 -0.05 -0.47 0 P 0
L -0.05 -0.47 -0.04375 -0.476 0 P 0
L -0.04375 -0.476 -0.01875 -0.476 0 P 0
L -0.01875 -0.476 -0.0125 -0.482 0 P 0
L -0.0125 -0.482 -0.01875 -0.488 0 P 0
L -0.01875 -0.488 -0.05 -0.488 0 P 0
L 0.00625 -0.47 0.0375 -0.47 0 P 0
L 0.05 -0.494 0.05 -0.464 0 P 0
L 0.05 -0.47 0.05625 -0.464 0 P 0
L 0.05625 -0.464 0.08125 -0.464 0 P 0
L 0.08125 -0.464 0.0875 -0.47 0 P 0
L 0.0875 -0.47 0.0875 -0.476 0 P 0
L 0.0875 -0.476 0.08125 -0.482 0 P 0
L 0.08125 -0.482 0.05625 -0.482 0 P 0
L 0.05625 -0.482 0.05 -0.476 0 P 0
L 0.1375 -0.47 0.13125 -0.464 0 P 0
L 0.13125 -0.464 0.10625 -0.464 0 P 0
L 0.10625 -0.464 0.1 -0.47 0 P 0
L 0.1 -0.47 0.1 -0.482 0 P 0
L 0.1 -0.482 0.10625 -0.488 0 P 0
L 0.10625 -0.488 0.13125 -0.488 0 P 0
L 0.13125 -0.488 0.1375 -0.482 0 P 0
L 0.15 -0.47 0.15625 -0.464 0 P 0
L 0.15625 -0.464 0.18125 -0.464 0 P 0
L 0.18125 -0.464 0.1875 -0.47 0 P 0
L 0.1875 -0.47 0.1875 -0.482 0 P 0
L 0.1875 -0.482 0.18125 -0.488 0 P 0
L 0.18125 -0.488 0.15625 -0.488 0 P 0
L 0.15625 -0.488 0.15 -0.482 0 P 0
L 0.15 -0.488 0.15 -0.452 0 P 0
L 0.20625 -0.47 0.2375 -0.47 0 P 0
L 0.25 -0.476 0.2875 -0.476 0 P 0
L 0.2875 -0.476 0.2875 -0.47 0 P 0
L 0.2875 -0.47 0.28125 -0.464 0 P 0
L 0.28125 -0.464 0.25625 -0.464 0 P 0
L 0.25625 -0.464 0.25 -0.47 0 P 0
L 0.25 -0.47 0.25 -0.482 0 P 0
L 0.25 -0.482 0.25625 -0.488 0 P 0
L 0.25625 -0.488 0.28125 -0.488 0 P 0
L 0.3375 -0.47 0.33125 -0.464 0 P 0
L 0.33125 -0.464 0.30625 -0.464 0 P 0
L 0.30625 -0.464 0.3 -0.47 0 P 0
L 0.3 -0.47 0.3 -0.476 0 P 0
L 0.3 -0.476 0.30625 -0.482 0 P 0
L 0.30625 -0.482 0.33125 -0.482 0 P 0
L 0.33125 -0.482 0.3375 -0.476 0 P 0
L 0.3375 -0.464 0.3375 -0.488 0 P 0
L 0.3375 -0.488 0.33125 -0.494 0 P 0
L 0.33125 -0.494 0.3 -0.494 0 P 0
L 0.35625 -0.458 0.3625 -0.452 0 P 0
L 0.3625 -0.452 0.38125 -0.452 0 P 0
L 0.38125 -0.452 0.3875 -0.458 0 P 0
L 0.3875 -0.458 0.3875 -0.464 0 P 0
L 0.3875 -0.464 0.38125 -0.47 0 P 0
L 0.38125 -0.47 0.3875 -0.476 0 P 0
L 0.3875 -0.476 0.3875 -0.482 0 P 0
L 0.3875 -0.482 0.38125 -0.488 0 P 0
L 0.38125 -0.488 0.3625 -0.488 0 P 0
L 0.3625 -0.488 0.35625 -0.482 0 P 0
L 0.36875 -0.47 0.38125 -0.47 0 P 0
L -0.059212 0.286613 -0.057212 0.296801 0 P 0
L -0.057212 0.296801 -0.051462 0.306239 0 P 0
L -0.051462 0.306239 -0.042337 0.314739 0 P 0
L -0.042337 0.314739 -0.030212 0.322113 0 P 0
L -0.030212 0.322113 -0.015462 0.328176 0 P 0
L -0.015462 0.328176 0.001538 0.332739 0 P 0
L 0.001538 0.332739 0.020413 0.335613 0 P 0
L 0.020413 0.335613 0.040788 0.336613 0 P 0
L 0.140788 0.286613 0.138788 0.296801 0 P 0
L 0.138788 0.296801 0.133038 0.306239 0 P 0
L 0.133038 0.306239 0.123913 0.314739 0 P 0
L 0.123913 0.314739 0.111788 0.322113 0 P 0
L 0.111788 0.322113 0.097038 0.328176 0 P 0
L 0.097038 0.328176 0.080038 0.332739 0 P 0
L 0.080038 0.332739 0.061163 0.335613 0 P 0
L 0.061163 0.335613 0.040788 0.336613 0 P 0
L -0.059212 0.286613 -0.057212 0.276426 0 P 0
L -0.057212 0.276426 -0.051462 0.266988 0 P 0
L -0.051462 0.266988 -0.042337 0.258488 0 P 0
L -0.042337 0.258488 -0.030212 0.251113 0 P 0
L -0.030212 0.251113 -0.015462 0.245051 0 P 0
L -0.015462 0.245051 0.001538 0.240488 0 P 0
L 0.001538 0.240488 0.020413 0.237613 0 P 0
L 0.020413 0.237613 0.040788 0.236613 0 P 0
L 0.140788 0.286613 0.138788 0.276426 0 P 0
L 0.138788 0.276426 0.133038 0.266988 0 P 0
L 0.133038 0.266988 0.123913 0.258488 0 P 0
L 0.123913 0.258488 0.111788 0.251113 0 P 0
L 0.111788 0.251113 0.097038 0.245051 0 P 0
L 0.097038 0.245051 0.080038 0.240488 0 P 0
L 0.080038 0.240488 0.061163 0.237613 0 P 0
L 0.061163 0.237613 0.040788 0.236613 0 P 0
L 0.028288 0.358613 0.022038 0.352613 0 P 0
L 0.022038 0.352613 0.003288 0.352613 0 P 0
L 0.003288 0.352613 -0.009212 0.364613 0 P 0
L -0.009212 0.364613 -0.009212 0.376613 0 P 0
L -0.009212 0.376613 0.003288 0.388613 0 P 0
L 0.003288 0.388613 0.022038 0.388613 0 P 0
L 0.022038 0.388613 0.028288 0.382613 0 P 0
L 0.047038 0.382613 0.053288 0.388613 0 P 0
L 0.053288 0.388613 0.072038 0.388613 0 P 0
L 0.072038 0.388613 0.078288 0.382613 0 P 0
L 0.078288 0.382613 0.078288 0.376613 0 P 0
L 0.078288 0.376613 0.072038 0.370613 0 P 0
L 0.072038 0.370613 0.053288 0.370613 0 P 0
L 0.053288 0.370613 0.047038 0.364613 0 P 0
L 0.047038 0.364613 0.047038 0.352613 0 P 0
L 0.047038 0.352613 0.078288 0.352613 0 P 0
L -0.154212 -0.173387 -0.154212 -0.223387 0 P 0
L 0.045788 -0.173387 -0.154212 -0.173387 0 P 0
L 0.045788 -0.223387 0.045788 -0.173387 0 P 0
L -0.154212 -0.223387 0.045788 -0.223387 0 P 0
L 0.190788 0.186613 0.190788 -0.113387 0 P 0
L 0.290788 0.186613 0.190788 0.186613 0 P 0
L 0.290788 -0.113387 0.290788 0.186613 0 P 0
L 0.190788 -0.113387 0.290788 -0.113387 0 P 0
L -0.219212 -0.263387 -0.219212 -0.313387 0 P 0
L -0.019212 -0.263387 -0.219212 -0.263387 0 P 0
L -0.019212 -0.313387 -0.019212 -0.263387 0 P 0
L -0.219212 -0.313387 -0.019212 -0.313387 0 P 0
L -0.171712 0.454113 -0.171712 0.404113 0 P 0
L 0.028288 0.454113 -0.171712 0.454113 0 P 0
L 0.028288 0.404113 0.028288 0.454113 0 P 0
L -0.171712 0.404113 0.028288 0.404113 0 P 0
A -0.184212 -0.388387 -0.184212 -0.388387 -0.134212 -0.388387 0 P 0 Y
A -0.159212 -0.388387 -0.159212 -0.388387 -0.134212 -0.388387 0 P 0 Y
A 0.190788 0.286613 0.190788 0.286613 0.240788 0.286613 0 P 0 Y
A 0.215788 0.286613 0.215788 0.286613 0.240788 0.286613 0 P 0 Y
A 0.115788 -0.388387 0.115788 -0.388387 0.165788 -0.388387 0 P 0 Y
A 0.140788 -0.388387 0.140788 -0.388387 0.165788 -0.388387 0 P 0 Y
A 0.180788 0.476613 0.180788 0.476613 0.230788 0.476613 0 P 0 Y
A 0.205788 0.476613 0.205788 0.476613 0.230788 0.476613 0 P 0 Y
