# XDBGEN converter version 211
#bottomcopper
$0 rect50x50
$1 r50
$2 r70
$3 r60
$4 rect80x80
$5 r80
$6 r120
$7 r20
$8 r10
$9 r40
$10 r12
@0 .geometry
@1 .drill
@2 .pad_usage
&0  
&1 DILSQ_THRU
&2 DILCC_THRU
&3 C-70-30_THRU
&4 C-60-30_THRU
&5 S-80-40_THRU
&6 C-80-30_THRU
&7 MT_THRU
P -0.209212 -0.113387 0 P 0 0;0=1,2=0 
P -0.109212 -0.113387 1 P 0 0;0=2,2=0 
P -0.009212 -0.113387 1 P 0 0;0=2,2=0 
P 0.090788 -0.113387 1 P 0 0;0=2,2=0 
P 0.090788 0.186613 1 P 0 0;0=2,2=0 
P -0.009212 0.186613 1 P 0 0;0=2,2=0 
P -0.109212 0.186613 1 P 0 0;0=2,2=0 
P -0.209212 0.186613 1 P 0 0;0=2,2=0 
P -0.254212 -0.198387 2 P 0 0;0=3,2=0 
P 0.145788 -0.198387 2 P 0 0;0=3,2=0 
P 0.290788 -0.183387 2 P 0 0;0=3,2=0 
P 0.290788 -0.283387 2 P 0 0;0=3,2=0 
P -0.289212 0.286613 3 P 0 0;0=4,2=0 
P -0.209212 0.286613 3 P 0 0;0=4,2=0 
P -0.129212 0.286613 3 P 0 0;0=4,2=0 
P 0.240788 0.136613 4 P 0 0;0=5,2=0 
P 0.240788 0.036613 4 P 0 0;0=5,2=0 
P 0.240788 -0.063387 4 P 0 0;0=5,2=0 
P -0.319212 -0.288387 2 P 0 0;0=3,2=0 
P 0.080788 -0.288387 2 P 0 0;0=3,2=0 
P -0.359212 -0.188387 2 P 0 0;0=3,2=0 
P -0.359212 0.111613 2 P 0 0;0=3,2=0 
P 0.128288 0.429113 2 P 0 0;0=3,2=0 
P -0.271712 0.429113 2 P 0 0;0=3,2=0 
P -0.134212 -0.388387 5 P 0 0;0=6,2=0 
P 0.240788 0.286613 5 P 0 0;0=6,2=0 
P 0.165788 -0.388387 5 P 0 0;0=6,2=0 
P 0.230788 0.476613 5 P 0 0;0=6,2=0 
P 0.370788 0.471613 6 P 0 0;0=7,2=0 
P -0.374212 -0.388387 6 P 0 0;0=7,2=0 
P 0.370788 -0.388387 6 P 0 0;0=7,2=0 
P -0.374212 0.466613 6 P 0 0;0=7,2=0 
P -0.009212 0.286613 2 P 0 0;0=3,2=0 
P 0.090788 0.286613 2 P 0 0;0=3,2=0 
L -0.411491 0.376614 -0.336933 0.376614 7 P 0
L -0.336933 0.376614 -0.324034 0.389513 7 P 0
L -0.324034 0.389513 -0.298635 0.364114 7 P 0
L -0.298635 0.364114 -0.244788 0.364114 7 P 0
L -0.244788 0.364114 -0.229788 0.379114 7 P 0
L -0.229788 0.379114 -0.204036 0.379114 7 P 0
L -0.204036 0.379114 -0.179211 0.354289 7 P 0
L -0.179211 0.354289 -0.179211 0.341465 7 P 0
L -0.179211 0.341465 -0.184359 0.346613 7 P 0
L -0.184359 0.346613 -0.234065 0.346613 7 P 0
L -0.234065 0.346613 -0.249212 0.331466 7 P 0
L -0.249212 0.331466 -0.264359 0.346613 7 P 0
L -0.264359 0.346613 -0.314065 0.346613 7 P 0
L -0.314065 0.346613 -0.349211 0.311466 7 P 0
L -0.349211 0.311466 -0.349211 0.261761 7 P 0
L -0.349211 0.261761 -0.314065 0.226614 7 P 0
L -0.314065 0.226614 -0.264359 0.226614 7 P 0
L -0.264359 0.226614 -0.259211 0.231761 7 P 0
L -0.259211 0.231761 -0.259211 0.214395 7 P 0
L -0.259211 0.214395 -0.264211 0.209395 7 P 0
L -0.264211 0.209395 -0.264211 0.163832 7 P 0
L -0.264211 0.163832 -0.231993 0.131614 7 P 0
L -0.231993 0.131614 -0.18643 0.131614 7 P 0
L -0.18643 0.131614 -0.159212 0.158832 7 P 0
L -0.159212 0.158832 -0.131993 0.131614 7 P 0
L -0.131993 0.131614 -0.08643 0.131614 7 P 0
L -0.08643 0.131614 -0.059212 0.158832 7 P 0
L -0.059212 0.158832 -0.059211 0.158832 7 P 0
L -0.059211 0.158832 -0.059211 0.129289 7 P 0
L -0.059211 0.129289 -0.004922 0.075 7 P 0
L -0.004922 0.075 0.145711 0.075 7 P 0
L 0.145711 0.075 0.157324 0.086614 7 P 0
L 0.157324 0.086614 0.170789 0.086614 7 P 0
L 0.170789 0.086614 0.170789 -0.133386 7 P 0
L 0.170789 -0.133386 0.248865 -0.133386 7 P 0
L 0.248865 -0.133386 0.225789 -0.156463 7 P 0
L 0.225789 -0.156463 0.225789 -0.21031 7 P 0
L 0.225789 -0.21031 0.248865 -0.233387 7 P 0
L 0.248865 -0.233387 0.248865 -0.233387 7 P 0
L 0.248865 -0.233387 0.202711 -0.233387 7 P 0
L 0.202711 -0.233387 0.210788 -0.22531 7 P 0
L 0.210788 -0.22531 0.210788 -0.171463 7 P 0
L 0.210788 -0.171463 0.172712 -0.133387 7 P 0
L 0.172712 -0.133387 0.145788 -0.133387 7 P 0
L 0.145788 -0.133387 0.145788 -0.090605 7 P 0
L 0.145788 -0.090605 0.11357 -0.058387 7 P 0
L 0.11357 -0.058387 0.068007 -0.058387 7 P 0
L 0.068007 -0.058387 0.040788 -0.085606 7 P 0
L 0.040788 -0.085606 0.01357 -0.058387 7 P 0
L 0.01357 -0.058387 -0.031993 -0.058387 7 P 0
L -0.031993 -0.058387 -0.059212 -0.085606 7 P 0
L -0.059212 -0.085606 -0.08643 -0.058387 7 P 0
L -0.08643 -0.058387 -0.131993 -0.058387 7 P 0
L -0.131993 -0.058387 -0.154212 -0.080606 7 P 0
L -0.154212 -0.080606 -0.154212 -0.058387 7 P 0
L -0.154212 -0.058387 -0.264211 -0.058387 7 P 0
L -0.264211 -0.058387 -0.264211 -0.133387 7 P 0
L -0.264211 -0.133387 -0.281135 -0.133387 7 P 0
L -0.281135 -0.133387 -0.301712 -0.153963 7 P 0
L -0.301712 -0.153963 -0.332288 -0.123387 7 P 0
L -0.332288 -0.123387 -0.386135 -0.123387 7 P 0
L -0.386135 -0.123387 -0.424211 -0.161463 7 P 0
L -0.424211 -0.161463 -0.424211 -0.21531 7 P 0
L -0.424211 -0.21531 -0.389211 -0.25031 7 P 0
L -0.389211 -0.25031 -0.389211 -0.289097 7 P 0
L -0.389211 -0.289097 -0.384211 -0.294097 7 P 0
L -0.384211 -0.294097 -0.384211 -0.298387 7 P 0
L -0.384211 -0.298387 -0.411491 -0.298387 7 P 0
L -0.411491 -0.298387 -0.429212 -0.316108 7 P 0
L -0.429212 -0.316108 -0.429212 0.394335 7 P 0
L -0.429212 0.394335 -0.411491 0.376614 7 P 0
L -0.332288 0.046614 -0.386135 0.046614 7 P 0
L -0.386135 0.046614 -0.424211 0.08469 7 P 0
L -0.424211 0.08469 -0.424211 0.138537 7 P 0
L -0.424211 0.138537 -0.386135 0.176613 7 P 0
L -0.386135 0.176613 -0.332288 0.176613 7 P 0
L -0.332288 0.176613 -0.294212 0.138537 7 P 0
L -0.294212 0.138537 -0.294212 0.08469 7 P 0
L -0.294212 0.08469 -0.332288 0.046614 7 P 0
L -0.429212 -0.316108 -0.429212 -0.316108 7 P 0
L -0.429212 -0.271108 -0.389211 -0.271108 7 P 0
L -0.429212 -0.226108 -0.413414 -0.226108 7 P 0
L 0.20999 -0.226108 0.241586 -0.226108 7 P 0
L -0.429212 -0.181108 -0.424211 -0.181108 7 P 0
L 0.210788 -0.181108 0.225789 -0.181108 7 P 0
L -0.429212 -0.136108 -0.398856 -0.136108 7 P 0
L -0.319567 -0.136108 -0.283856 -0.136108 7 P 0
L 0.175433 -0.136108 0.246144 -0.136108 7 P 0
L -0.429212 -0.091108 -0.264211 -0.091108 7 P 0
L 0.145788 -0.091108 0.170789 -0.091108 7 P 0
L -0.429212 -0.046108 0.170789 -0.046108 7 P 0
L -0.429212 -0.001108 0.170789 -0.001108 7 P 0
L -0.429212 0.043892 0.170789 0.043892 7 P 0
L -0.429212 0.088892 -0.424211 0.088892 7 P 0
L -0.294212 0.088892 -0.018814 0.088892 7 P 0
L -0.429212 0.133892 -0.424211 0.133892 7 P 0
L -0.294212 0.133892 -0.234272 0.133892 7 P 0
L -0.184152 0.133892 -0.134272 0.133892 7 P 0
L -0.084152 0.133892 -0.059211 0.133892 7 P 0
L -0.429212 0.178892 -0.264211 0.178892 7 P 0
L -0.429212 0.223892 -0.259211 0.223892 7 P 0
L -0.429212 0.268892 -0.349211 0.268892 7 P 0
L -0.429212 0.313892 -0.346785 0.313892 7 P 0
L -0.429212 0.358892 -0.183814 0.358892 7 P 0
L -0.429212 0.394335 -0.429212 0.394335 7 P 0
L -0.429212 -0.316108 -0.429212 0.394335 7 P 0
L -0.384212 -0.298387 -0.384212 -0.294097 7 P 0
L -0.384212 -0.123387 -0.384212 0.046614 7 P 0
L -0.384212 0.176613 -0.384212 0.376614 7 P 0
L -0.339212 -0.123387 -0.339212 0.046614 7 P 0
L -0.339212 0.176613 -0.339212 0.251761 7 P 0
L -0.339212 0.321466 -0.339212 0.376614 7 P 0
L -0.294212 -0.146463 -0.294212 0.226614 7 P 0
L -0.294212 0.346613 -0.294212 0.364114 7 P 0
L -0.249212 -0.058387 -0.249212 0.148832 7 P 0
L -0.249212 0.331466 -0.249212 0.364114 7 P 0
L -0.204212 -0.058387 -0.204212 0.131614 7 P 0
L -0.204212 0.346613 -0.204212 0.379114 7 P 0
L -0.159212 -0.058387 -0.159212 0.158832 7 P 0
L -0.114212 -0.058387 -0.114212 0.131614 7 P 0
L -0.069212 -0.075606 -0.069212 0.148832 7 P 0
L -0.024212 -0.058387 -0.024212 0.09429 7 P 0
L 0.020788 -0.065606 0.020788 0.075 7 P 0
L 0.065788 -0.060606 0.065788 0.075 7 P 0
L 0.110788 -0.058387 0.110788 0.075 7 P 0
L 0.155788 -0.133387 0.155788 0.085078 7 P 0
L 0.200788 -0.161463 0.200788 -0.133386 7 P 0
L 0.245788 -0.233387 0.245788 -0.23031 7 P 0
L 0.245788 -0.136463 0.245788 -0.133386 7 P 0
L 0.248865 -0.133386 0.248865 -0.133386 7 P 0
L 0.333509 0.381614 0.408067 0.381614 7 P 0
L 0.408067 0.381614 0.425788 0.399335 7 P 0
L 0.425788 0.399335 0.425788 -0.316108 7 P 0
L 0.425788 -0.316108 0.408067 -0.298387 7 P 0
L 0.408067 -0.298387 0.355788 -0.298387 7 P 0
L 0.355788 -0.298387 0.355788 -0.256463 7 P 0
L 0.355788 -0.256463 0.332711 -0.233387 7 P 0
L 0.332711 -0.233387 0.355788 -0.21031 7 P 0
L 0.355788 -0.21031 0.355788 -0.156463 7 P 0
L 0.355788 -0.156463 0.317712 -0.118387 7 P 0
L 0.317712 -0.118387 0.310788 -0.118387 7 P 0
L 0.310788 -0.118387 0.310788 -0.033386 7 P 0
L 0.310788 -0.033386 0.378995 -0.033386 7 P 0
L 0.378995 -0.033386 0.42 0.007619 7 P 0
L 0.42 0.007619 0.42 0.275608 7 P 0
L 0.42 0.275608 0.338995 0.356613 7 P 0
L 0.338995 0.356613 0.232524 0.356613 7 P 0
L 0.232524 0.356613 0.266788 0.390877 7 P 0
L 0.266788 0.390877 0.266788 0.413619 7 P 0
L 0.266788 0.413619 0.284146 0.430977 7 P 0
L 0.284146 0.430977 0.333509 0.381614 7 P 0
L 0.425788 -0.316108 0.425788 -0.316108 7 P 0
L 0.355788 -0.271108 0.425788 -0.271108 7 P 0
L 0.33999 -0.226108 0.425788 -0.226108 7 P 0
L 0.355788 -0.181108 0.425788 -0.181108 7 P 0
L 0.335433 -0.136108 0.425788 -0.136108 7 P 0
L 0.310788 -0.091108 0.425788 -0.091108 7 P 0
L 0.310788 -0.046108 0.425788 -0.046108 7 P 0
L 0.411273 -0.001108 0.425788 -0.001108 7 P 0
L 0.42 0.043892 0.425788 0.043892 7 P 0
L 0.42 0.088892 0.425788 0.088892 7 P 0
L 0.42 0.133892 0.425788 0.133892 7 P 0
L 0.42 0.178892 0.425788 0.178892 7 P 0
L 0.42 0.223892 0.425788 0.223892 7 P 0
L 0.42 0.268892 0.425788 0.268892 7 P 0
L 0.381716 0.313892 0.425788 0.313892 7 P 0
L 0.234803 0.358892 0.425788 0.358892 7 P 0
L 0.266788 0.403892 0.311231 0.403892 7 P 0
L 0.284146 0.430977 0.284146 0.430977 7 P 0
L 0.232524 0.356613 0.232524 0.356613 7 P 0
L 0.277524 0.356613 0.277524 0.424355 7 P 0
L 0.322524 -0.123199 0.322524 -0.033386 7 P 0
L 0.322524 0.356613 0.322524 0.392599 7 P 0
L 0.367524 -0.298387 0.367524 -0.033386 7 P 0
L 0.367524 0.328084 0.367524 0.381614 7 P 0
L 0.412524 -0.302844 0.412524 0.000143 7 P 0
L 0.412524 0.283084 0.412524 0.38607 7 P 0
L 0.425788 -0.316108 0.425788 0.399335 7 P 0
L 0.145788 -0.113387 0.090788 -0.113387 8 P 0
L 0.090788 -0.058387 0.090788 -0.113387 8 P 0
L 0.210788 -0.198387 0.145788 -0.198387 8 P 0
L 0.145788 -0.133387 0.145788 -0.198387 8 P 0
L 0.355788 -0.183387 0.290788 -0.183387 8 P 0
L 0.225789 -0.183387 0.290788 -0.183387 8 P 0
L -0.349211 0.286613 -0.289212 0.286613 8 P 0
L -0.289212 0.226614 -0.289212 0.286613 8 P 0
L -0.289212 0.346613 -0.289212 0.286613 8 P 0
L -0.009212 0.186613 -0.009212 0.15 9 P 0
L -0.009212 0.15 0.015788 0.125 9 P 0
L 0.015788 0.125 0.125 0.125 9 P 0
L 0.125 0.125 0.136613 0.136613 9 P 0
L 0.136613 0.136613 0.240788 0.136613 9 P 0
L -0.109212 -0.113387 -0.109212 -0.175887 9 P 0
L -0.109212 -0.175887 -0.131712 -0.198387 9 P 0
L -0.131712 -0.198387 -0.254212 -0.198387 9 P 0
L 0.090788 0.186613 0.090788 0.286613 9 P 0
L -0.209212 0.186613 -0.209212 0.286613 9 P 0
L -0.129212 0.286613 -0.129212 0.375 9 P 0
L -0.129212 0.375 -0.183325 0.429113 9 P 0
L -0.183325 0.429113 -0.271712 0.429113 9 P 0
L 0.165788 -0.388387 0.05 -0.388387 9 P 0
L 0.05 -0.388387 -0.009212 -0.329175 9 P 0
L -0.009212 -0.329175 -0.009212 -0.113387 9 P 0
L 0.165788 -0.388387 0.165788 -0.315887 9 P 0
L 0.165788 -0.315887 0.198288 -0.283387 9 P 0
L 0.198288 -0.283387 0.290788 -0.283387 9 P 0
L 0.128288 0.429113 0.128288 0.41 10 P 0
L 0.128288 0.41 0.163288 0.375 10 P 0
L 0.163288 0.375 0.2 0.375 10 P 0
L 0.2 0.375 0.230788 0.405788 10 P 0
L 0.230788 0.405788 0.230788 0.476613 10 P 0
L 0.090788 -0.113387 0.090788 -0.047175 3 P 0
L 0.090788 -0.047175 -0.006387 0.05 3 P 0
L -0.006387 0.05 -0.2 0.05 3 P 0
L -0.2 0.05 -0.281712 0.131712 3 P 0
L -0.281712 0.131712 -0.281712 0.175 3 P 0
L -0.281712 0.175 -0.289212 0.1825 3 P 0
L -0.289212 0.1825 -0.289212 0.286613 3 P 0
L 0.090788 -0.113387 0.115788 -0.138387 3 P 0
L 0.115788 -0.138387 0.115788 -0.163387 3 P 0
L 0.115788 -0.163387 0.145788 -0.193387 3 P 0
L 0.145788 -0.193387 0.145788 -0.198387 3 P 0
L 0.240788 0.036613 0.35 0.036613 5 P 0
L 0.35 0.036613 0.35 0.246613 5 P 0
L 0.35 0.246613 0.31 0.286613 5 P 0
L 0.31 0.286613 0.240788 0.286613 5 P 0
L -0.319212 -0.288387 -0.234212 -0.288387 9 P 0
L -0.234212 -0.288387 -0.134212 -0.388387 9 P 0
L -0.319212 -0.288387 -0.339212 -0.268387 9 P 0
L -0.339212 -0.268387 -0.339212 -0.208387 9 P 0
L -0.339212 -0.208387 -0.359212 -0.188387 9 P 0
